label,centroid_y,centroid_x,area_um2,diameter_um,dapi_mean_intensity,wfa_sum_intensity,is_pnn_plus,is_pv_plus
1,5.394495412844036,43.38532110091743,46.0525,7.6574058357851245,7.165137614678899,17302.0,False,False
2,4.245283018867925,60.575471698113205,44.785000000000004,7.5512934660867375,6.933962264150943,15711.0,False,False
3,2.7454545454545456,76.94545454545455,23.2375,5.439384516724603,9.072727272727272,15171.0,False,False
4,3.6470588235294117,132.25,57.46000000000001,8.553382035223404,9.411764705882353,17155.0,False,False
5,4.827272727272727,160.6818181818182,46.475,7.692451354514157,8.4,16929.0,False,False
6,3.1486486486486487,179.63513513513513,31.265000000000004,6.309345002941657,6.594594594594595,13797.0,False,False
7,5.892156862745098,196.05882352941177,43.095000000000006,7.407446130776911,8.647058823529411,14506.0,False,False
8,5.462025316455696,212.49367088607596,66.75500000000001,9.219279028687428,7.7215189873417724,15708.0,False,False
9,5.7105263157894735,243.93421052631578,64.22000000000001,9.042535239792663,15.243421052631579,22004.0,False,False
10,4.157407407407407,272.01851851851853,45.63,7.622199185685551,9.101851851851851,18502.0,False,False
11,4.069306930693069,340.34653465346537,42.67250000000001,7.371045683803026,8.683168316831683,11144.0,False,False
12,1.2962962962962963,488.9259259259259,11.4075,3.8110995928427753,5.777777777777778,10390.0,False,False
13,5.431654676258993,514.7697841726618,58.727500000000006,8.647206217237697,9.309352517985612,16014.0,False,False
14,4.533333333333333,535.237037037037,57.03750000000001,8.521877758618217,9.985185185185186,21017.0,False,False
15,4.868421052631579,552.9649122807018,48.165000000000006,7.831065232276457,15.350877192982455,20182.0,False,False
16,3.4098360655737703,573.3934426229508,51.545,8.101180922147954,7.139344262295082,16449.0,False,False
17,3.9761904761904763,585.3095238095239,35.49,6.722147829574334,5.238095238095238,12798.0,False,False
18,4.021739130434782,608.6086956521739,38.870000000000005,7.034971293747812,5.130434782608695,10403.0,False,False
19,2.7125,619.35,33.800000000000004,6.560144557252417,5.7625,9701.0,False,False
20,4.822916666666667,668.96875,40.56,7.186278309003779,11.53125,12121.0,False,False
21,4.951048951048951,686.6713286713286,60.417500000000004,8.770743993187619,5.6223776223776225,12705.0,False,False
22,6.794392523364486,720.2523364485982,45.2075,7.586829161027343,5.383177570093458,11714.0,False,False
23,6.846153846153846,769.1479289940828,71.4025,9.534803961957083,11.970414201183432,14013.0,False,False
24,2.5,812.3815789473684,32.11000000000001,6.394037987175715,4.473684210526316,8466.0,False,False
25,2.4761904761904763,830.2619047619048,17.745,4.753276314430444,5.619047619047619,8604.0,False,False
26,2.933333333333333,936.0666666666667,19.012500000000003,4.920108417939312,4.155555555555556,7603.0,False,False
27,3.8524590163934427,968.1803278688525,25.7725,5.728399965669906,4.065573770491803,7791.0,False,False
28,2.8214285714285716,1079.0,11.830000000000002,3.8810338589372004,4.892857142857143,7824.0,False,False
29,4.45,90.3875,33.800000000000004,6.560144557252417,16.8,15553.0,False,False
30,11.356521739130434,367.31304347826085,97.17500000000001,11.123266281072276,6.030434782608696,15404.0,False,False
31,7.886075949367089,704.8037974683544,66.75500000000001,9.219279028687428,6.512658227848101,12220.0,False,False
32,4.360655737704918,905.9508196721312,25.7725,5.728399965669906,4.180327868852459,7764.0,False,False
33,7.276073619631902,1237.521472392638,68.8675,9.364017532397558,4.300613496932515,8214.0,False,False
34,7.546391752577319,29.577319587628867,40.9825,7.22360987610134,10.525773195876289,20896.0,False,False
35,8.364406779661017,391.3135593220339,49.855000000000004,7.967267881951225,6.372881355932203,16490.0,False,False
36,8.009615384615385,474.52884615384613,43.940000000000005,7.479715609277069,5.6923076923076925,11672.0,False,False
37,8.980582524271844,16.42718446601942,43.517500000000005,7.443668577254932,15.883495145631068,19041.0,False,False
38,10.646258503401361,251.81632653061226,62.10750000000001,8.892565716633143,20.421768707482993,24281.0,False,False
39,7.37037037037037,1051.4074074074074,34.222500000000004,6.601018127508749,4.728395061728395,8801.0,False,False
40,10.960526315789474,108.5657894736842,32.11000000000001,6.394037987175715,7.078947368421052,19131.0,False,False
41,13.342105263157896,845.9105263157895,80.275,10.109861742556879,5.273684210526316,12018.0,False,False
42,9.657142857142857,316.2761904761905,44.362500000000004,7.51558975086544,5.142857142857143,12831.0,False,False
43,12.01418439716312,464.3262411347518,59.572500000000005,8.709194152086374,5.560283687943262,13456.0,False,False
44,11.28888888888889,800.4148148148148,57.03750000000001,8.521877758618217,4.54074074074074,12797.0,False,False
45,14.90547263681592,788.3233830845771,84.92250000000001,10.39839820538586,5.63681592039801,15436.0,False,False
46,13.926829268292684,817.4329268292682,69.29,9.392697591996637,5.134146341463414,11969.0,False,False
47,12.181034482758621,888.5258620689655,49.010000000000005,7.8994601136704485,4.224137931034483,10096.0,False,False
48,14.219827586206897,270.5689655172414,98.02000000000001,11.17152362817806,7.129310344827586,23803.0,False,False
49,12.625,741.375,50.7,8.034503402082343,5.883333333333334,15175.0,False,False
50,18.109649122807017,134.390350877193,96.33000000000001,11.074798659313778,9.206140350877194,27026.0,False,False
51,13.959016393442623,177.4672131147541,51.545,8.101180922147954,4.983606557377049,19256.0,False,False
52,13.495049504950495,646.3762376237623,42.67250000000001,7.371045683803026,5.445544554455446,14868.0,False,False
53,12.572916666666666,658.2916666666666,40.56,7.186278309003779,7.333333333333333,14936.0,False,False
54,10.487179487179487,1059.5384615384614,16.477500000000003,4.5803716659648535,3.1025641025641026,9696.0,False,False
55,14.233333333333333,548.4777777777778,38.025000000000006,6.958084052995808,21.377777777777776,24876.0,False,False
56,14.25438596491228,609.2456140350877,48.165000000000006,7.831065232276457,6.657894736842105,14125.0,False,False
57,14.145833333333334,151.91666666666666,40.56,7.186278309003779,11.979166666666666,22741.0,False,False
58,15.299065420560748,589.5046728971963,45.2075,7.586829161027343,5.4953271028037385,16449.0,False,False
59,16.49700598802395,932.0359281437126,70.5575,9.47821708854842,4.796407185628743,11609.0,False,False
60,14.58,1017.55,42.25000000000001,7.3344645861208315,4.38,10252.0,False,False
61,15.0,568.6724137931035,24.505000000000003,5.58576181408903,8.068965517241379,23108.0,False,False
62,16.18709677419355,955.0064516129032,65.48750000000001,9.131334770220834,4.264516129032258,11007.0,False,False
63,18.943502824858758,422.79661016949154,74.78250000000001,9.75787047742269,16.016949152542374,24661.0,False,False
64,18.493150684931507,185.75342465753425,30.842500000000005,6.266569289371519,6.534246575342466,20310.0,False,False
65,17.714285714285715,728.9785714285714,59.150000000000006,8.67825553156191,5.692857142857143,15772.0,False,False
66,20.191666666666666,11.575,50.7,8.034503402082343,14.433333333333334,21734.0,False,False
67,19.2625,330.275,33.800000000000004,6.560144557252417,5.5625,16846.0,False,False
68,20.246153846153845,454.5230769230769,54.925000000000004,8.362576277354894,5.484615384615385,18401.0,False,False
69,19.34375,775.7916666666666,40.56,7.186278309003779,8.322916666666666,17577.0,False,False
70,25.9,1000.55,118.30000000000001,12.272906670474185,3.4107142857142856,13269.0,False,False
71,17.338709677419356,1205.3870967741937,26.195000000000004,5.775163190277621,4.161290322580645,11267.0,False,False
72,19.20967741935484,72.88709677419355,26.195000000000004,5.775163190277621,7.306451612903226,22450.0,False,False
73,17.80327868852459,315.6885245901639,25.7725,5.728399965669906,6.016393442622951,15834.0,False,False
74,24.626373626373628,478.16483516483515,76.89500000000001,9.894733689817546,4.549450549450549,17315.0,False,False
75,21.19148936170213,512.6879432624113,59.572500000000005,8.709194152086374,8.929078014184396,21570.0,False,False
76,22.039473684210527,623.1644736842105,64.22000000000001,9.042535239792663,4.671052631578948,16505.0,False,False
77,21.67914438502674,975.1390374331551,79.00750000000001,10.029729474450614,3.6149732620320854,12812.0,False,False
78,19.506849315068493,988.082191780822,30.842500000000005,6.266569289371519,4.794520547945205,12105.0,False,False
79,22.27777777777778,238.4047619047619,53.23500000000001,8.232916079007266,10.087301587301587,29358.0,False,False
80,21.464646464646464,394.8686868686869,41.82750000000001,7.297700121093632,7.383838383838384,23028.0,False,False
81,19.71153846153846,833.1730769230769,21.970000000000002,5.288957628666685,3.980769230769231,13910.0,False,False
82,23.691056910569106,164.95934959349594,51.96750000000001,8.134314724734013,7.308943089430894,25426.0,False,False
83,23.559322033898304,1040.7627118644068,49.855000000000004,7.967267881951225,3.7457627118644066,12329.0,False,False
84,23.10989010989011,759.2637362637363,38.447500000000005,6.996633290104976,7.131868131868132,18978.0,False,False
85,26.085714285714285,96.74285714285715,59.150000000000006,8.67825553156191,7.357142857142857,24153.0,False,False
86,23.78021978021978,113.47252747252747,38.447500000000005,6.996633290104976,6.417582417582418,26692.0,False,False
87,23.16949152542373,175.47457627118644,24.927500000000002,5.633709146857493,7.728813559322034,22678.0,False,False
88,24.03125,605.375,27.040000000000003,5.867571668896666,6.109375,17469.0,False,False
89,25.692307692307693,642.8205128205128,49.432500000000005,7.933436443000028,5.9743589743589745,17908.0,False,False
90,24.44943820224719,749.7415730337078,37.602500000000006,6.919320051920128,6.382022471910112,18870.0,False,False
91,25.376146788990827,805.2018348623853,46.0525,7.6574058357851245,4.192660550458716,14858.0,False,False
92,24.97196261682243,1056.6261682242991,45.2075,7.586829161027343,4.757009345794392,12786.0,False,False
93,28.19815668202765,663.3456221198156,91.6825,10.804341005363613,5.658986175115207,19403.0,False,False
94,26.742574257425744,815.4455445544554,42.67250000000001,7.371045683803026,4.663366336633663,14903.0,False,False
95,27.11904761904762,867.3333333333334,35.49,6.722147829574334,4.928571428571429,14708.0,False,False
96,28.068376068376068,894.7264957264957,49.432500000000005,7.933436443000028,4.3076923076923075,14423.0,False,False
97,28.4875,690.225,33.800000000000004,6.560144557252417,5.85,19354.0,False,False
98,32.406451612903226,249.6516129032258,65.48750000000001,9.131334770220834,11.27741935483871,30616.0,False,False
99,29.585106382978722,710.436170212766,39.715,7.1110272478142695,5.48936170212766,18404.0,False,False
100,29.18421052631579,930.5175438596491,48.165000000000006,7.831065232276457,4.552631578947368,15965.0,False,False
101,31.908163265306122,42.08163265306123,41.405,7.260749503306075,7.877551020408164,26614.0,False,False
102,30.45,227.94166666666666,50.7,8.034503402082343,7.5,28423.0,False,False
103,32.29192546583851,403.8447204968944,68.02250000000001,9.306392261867519,6.894409937888199,26714.0,False,False
104,31.390625,788.1484375,54.080000000000005,8.297999432349801,5.375,17348.0,False,False
105,28.1875,987.5208333333334,20.28,5.081466123790367,5.625,14228.0,False,False
106,29.274509803921568,79.37254901960785,21.547500000000003,5.237855390346407,6.0588235294117645,24521.0,False,False
107,29.48148148148148,338.6111111111111,22.815,5.389708731752834,5.5,20081.0,False,False
108,32.24390243902439,972.349593495935,51.96750000000001,8.134314724734013,4.544715447154472,15113.0,False,False
109,29.553571428571427,1218.3035714285713,23.660000000000004,5.488610719338178,4.125,13080.0,False,False
110,30.38961038961039,496.85714285714283,32.532500000000006,6.4359665543799,5.324675324675325,20822.0,False,False
111,33.75342465753425,559.431506849315,61.68500000000001,8.86226727857993,7.808219178082192,27649.0,False,False
112,34.08641975308642,181.1604938271605,68.44500000000001,9.335249361393526,7.37037037037037,23328.0,False,False
113,33.256637168141594,905.070796460177,47.74250000000001,7.796642800880295,3.8584070796460175,16016.0,False,False
114,34.37007874015748,315.3228346456693,53.657500000000006,8.265521814841879,5.661417322834645,19821.0,False,False
115,33.955555555555556,606.5888888888888,38.025000000000006,6.958084052995808,5.844444444444444,19291.0,False,False
116,32.80952380952381,828.7619047619048,26.617500000000003,5.8215507884058,5.063492063492063,15772.0,False,False
117,33.303030303030305,916.5,27.885,5.958547197508803,5.636363636363637,16323.0,False,False
118,35.010416666666664,67.625,40.56,7.186278309003779,8.645833333333334,23262.0,False,False
119,34.72839506172839,355.1975308641975,34.222500000000004,6.601018127508749,7.197530864197531,20685.0,False,False
120,39.54545454545455,485.6267942583732,88.30250000000001,10.603312449370561,6.526315789473684,20086.0,False,False
121,35.78431372549019,505.6470588235294,64.64250000000001,9.072231658778492,7.052287581699346,21461.0,False,False
122,35.283185840707965,762.6283185840708,47.74250000000001,7.796642800880295,4.831858407079646,19402.0,False,False
123,36.48571428571429,294.55238095238093,44.362500000000004,7.51558975086544,5.380952380952381,21696.0,False,False
124,36.566265060240966,440.40361445783134,70.135,9.449796583524995,6.873493975903615,23787.0,False,False
125,34.12820512820513,700.8717948717949,16.477500000000003,4.5803716659648535,6.410256410256411,18773.0,False,False
126,36.47959183673469,724.3979591836735,41.405,7.260749503306075,5.571428571428571,18861.0,False,False
127,35.5,842.3787878787879,27.885,5.958547197508803,5.090909090909091,17119.0,False,False
128,37.331460674157306,959.5786516853933,75.20500000000001,9.785396259825553,4.882022471910112,15602.0,False,False
129,35.88,1038.64,42.25000000000001,7.3344645861208315,5.31,13449.0,False,False
130,33.07692307692308,1204.0,16.477500000000003,4.5803716659648535,4.17948717948718,12841.0,False,False
131,39.405797101449274,427.8550724637681,58.30500000000001,8.616045012404687,9.014492753623188,25567.0,False,False
132,39.873684210526314,944.6052631578947,80.275,10.109861742556879,4.431578947368421,16680.0,False,False
133,37.324675324675326,148.36363636363637,32.532500000000006,6.4359665543799,8.506493506493506,33362.0,False,False
134,38.373493975903614,850.277108433735,35.0675,6.682015245043993,4.867469879518072,17574.0,False,False
135,38.16831683168317,878.5643564356436,42.67250000000001,7.371045683803026,4.356435643564357,14934.0,False,False
136,36.11904761904762,1119.642857142857,17.745,4.753276314430444,3.380952380952381,14096.0,False,False
137,37.17142857142857,1173.2714285714285,29.575000000000003,6.136453335237093,4.128571428571429,13322.0,False,False
138,38.43055555555556,773.4722222222222,30.42,6.223499574262349,5.569444444444445,18553.0,False,False
139,40.796954314720814,1023.3756345177665,83.2325,10.294411610537507,3.482233502538071,13405.0,False,False
140,39.5,1065.6744186046512,36.335,6.801702644040839,4.848837209302325,13744.0,False,False
141,37.15,1078.725,16.900000000000002,4.638722701997206,4.625,14123.0,False,False
142,43.52884615384615,266.8942307692308,87.88000000000001,10.57791525733337,8.009615384615385,26002.0,False,False
143,41.00729927007299,1051.5620437956204,57.88250000000001,8.584770698634475,4.065693430656935,13647.0,False,False
144,42.47126436781609,139.90804597701148,36.7575,6.8411331346205175,19.32183908045977,34473.0,True,False
145,41.43518518518518,194.2962962962963,45.63,7.622199185685551,7.277777777777778,22990.0,False,False
146,42.48148148148148,512.8518518518518,34.222500000000004,6.601018127508749,6.790123456790123,21424.0,False,False
147,42.38135593220339,530.9067796610169,49.855000000000004,7.967267881951225,6.533898305084746,24275.0,False,False
148,41.48979591836735,578.1938775510204,41.405,7.260749503306075,6.3061224489795915,22558.0,False,False
149,39.983333333333334,869.3333333333334,25.35,5.681251839078812,4.466666666666667,16141.0,False,False
150,43.763513513513516,656.9121621621622,62.53000000000001,8.922761272851007,5.22972972972973,20047.0,False,False
151,39.193548387096776,1243.2903225806451,13.097500000000002,4.083657054304242,4.0,10759.0,False,False
152,42.493975903614455,19.93975903614458,35.0675,6.682015245043993,8.674698795180722,27360.0,False,False
153,43.31578947368421,301.3421052631579,32.11000000000001,6.394037987175715,7.276315789473684,21624.0,False,False
154,43.514792899408285,386.0,71.4025,9.534803961957083,6.041420118343195,22548.0,False,False
155,41.416666666666664,984.1388888888889,15.21,4.4006787516724994,5.916666666666667,15784.0,False,False
156,41.98684210526316,1133.2894736842106,32.11000000000001,6.394037987175715,5.144736842105263,13940.0,False,False
157,45.036764705882355,789.2426470588235,57.46000000000001,8.553382035223404,4.573529411764706,16078.0,False,False
158,42.98571428571429,1252.8,29.575000000000003,6.136453335237093,4.3,8467.0,False,False
159,44.33802816901409,806.4507042253521,29.997500000000002,6.180129710871209,4.380281690140845,15534.0,False,False
160,44.95774647887324,892.5352112676056,29.997500000000002,6.180129710871209,4.309859154929577,16268.0,False,False
161,45.56701030927835,1103.1752577319587,40.9825,7.22360987610134,3.9278350515463916,15891.0,False,False
162,46.58252427184466,906.9126213592233,43.517500000000005,7.443668577254932,6.650485436893204,17191.0,False,False
163,46.75,114.39814814814815,45.63,7.622199185685551,8.203703703703704,30233.0,False,False
164,48.91095890410959,621.4589041095891,61.68500000000001,8.86226727857993,5.260273972602739,20295.0,False,False
165,48.370370370370374,352.89814814814815,45.63,7.622199185685551,7.157407407407407,21355.0,False,False
166,46.985915492957744,1007.4507042253521,29.997500000000002,6.180129710871209,4.591549295774648,14694.0,False,False
167,48.2,448.36470588235295,35.9125,6.762042232218129,6.176470588235294,20461.0,False,False
168,48.98095238095238,468.8285714285714,44.362500000000004,7.51558975086544,6.3619047619047615,19867.0,False,False
169,51.072463768115945,1065.463768115942,58.30500000000001,8.616045012404687,4.217391304347826,14629.0,False,False
170,51.09166666666667,252.68333333333334,50.7,8.034503402082343,8.416666666666666,26072.0,False,False
171,52.81395348837209,393.95348837209303,54.502500000000005,8.33035043001963,6.62015503875969,23291.0,False,False
172,49.96969696969697,861.3030303030303,27.885,5.958547197508803,6.151515151515151,18753.0,False,False
173,54.0125786163522,1109.566037735849,67.17750000000001,9.24840794496255,5.748427672955975,16340.0,False,False
174,52.32116788321168,324.985401459854,57.88250000000001,8.584770698634475,7.204379562043796,21516.0,False,False
175,52.035714285714285,369.4642857142857,47.32000000000001,7.762067717874401,6.8125,22688.0,False,False
176,48.5625,673.0,13.520000000000001,4.148999716174901,6.5625,18999.0,False,False
177,49.84313725490196,1086.137254901961,21.547500000000003,5.237855390346407,4.450980392156863,16079.0,False,False
178,51.366336633663366,1222.4554455445545,42.67250000000001,7.371045683803026,3.2475247524752477,12309.0,False,False
179,50.45161290322581,578.8548387096774,26.195000000000004,5.775163190277621,6.419354838709677,22824.0,False,False
180,52.083333333333336,759.2916666666666,40.56,7.186278309003779,5.385416666666667,19391.0,False,False
181,51.41428571428571,1150.7857142857142,29.575000000000003,6.136453335237093,4.871428571428571,13654.0,False,False
182,53.61363636363637,131.57954545454547,37.18000000000001,6.880337656921596,10.465909090909092,39588.0,False,False
183,53.90350877192982,272.719298245614,48.165000000000006,7.831065232276457,7.359649122807017,24071.0,False,False
184,52.95454545454545,714.9818181818182,46.475,7.692451354514157,6.5,19250.0,False,False
185,53.54385964912281,831.5087719298245,48.165000000000006,7.831065232276457,5.657894736842105,19097.0,False,False
186,56.573839662447256,923.1645569620254,100.13250000000001,11.291264708312957,8.417721518987342,18477.0,False,True
187,52.26190476190476,969.4761904761905,35.49,6.722147829574334,5.976190476190476,17298.0,False,False
188,54.330275229357795,95.11009174311927,46.0525,7.6574058357851245,7.256880733944954,25205.0,False,False
189,51.42857142857143,431.5,29.575000000000003,6.136453335237093,6.871428571428571,23345.0,False,False
190,57.3768115942029,159.31159420289856,58.30500000000001,8.616045012404687,8.94927536231884,36493.0,False,False
191,55.65693430656934,420.4890510948905,57.88250000000001,8.584770698634475,6.2700729927007295,23822.0,False,False
192,55.935483870967744,799.7741935483871,52.39000000000001,8.167314108608483,4.645161290322581,15766.0,False,False
193,57.77710843373494,47.75301204819277,70.135,9.449796583524995,7.144578313253012,27305.0,False,False
194,58.71621621621622,210.1418918918919,62.53000000000001,8.922761272851007,8.08108108108108,24308.0,False,False
195,56.27049180327869,657.672131147541,51.545,8.101180922147954,6.098360655737705,20837.0,False,False
196,57.144,733.064,52.81250000000001,8.200180696565521,6.936,22841.0,False,False
197,56.129411764705885,780.5529411764705,35.9125,6.762042232218129,5.0,16498.0,False,False
198,53.98412698412698,875.2063492063492,26.617500000000003,5.8215507884058,4.888888888888889,17033.0,False,False
199,60.32936507936508,950.8888888888889,106.47000000000001,11.6431015768116,5.420634920634921,18364.0,False,False
200,57.93333333333333,988.9939393939394,69.7125,9.421290344870497,6.915151515151515,17197.0,False,False
201,58.875,1043.6,67.60000000000001,9.277445403994411,5.08125,14968.0,False,False
202,57.679611650485434,380.15533980582524,43.517500000000005,7.443668577254932,6.766990291262136,24199.0,False,False
203,54.375,1006.725,16.900000000000002,4.638722701997206,4.025,15507.0,False,False
204,58.92857142857143,627.8303571428571,47.32000000000001,7.762067717874401,6.669642857142857,21070.0,False,False
205,58.888,821.6,52.81250000000001,8.200180696565521,4.744,18270.0,False,False
206,60.84848484848485,22.5,27.885,5.958547197508803,10.181818181818182,30580.0,False,False
207,60.13333333333333,69.89166666666667,50.7,8.034503402082343,7.775,25172.0,False,False
208,61.712765957446805,111.27659574468085,39.715,7.1110272478142695,9.77659574468085,34061.0,False,False
209,61.142857142857146,248.88392857142858,47.32000000000001,7.762067717874401,7.9375,24213.0,False,False
210,59.803030303030305,478.57575757575756,27.885,5.958547197508803,8.590909090909092,20647.0,False,False
211,61.93258426966292,909.0674157303371,75.20500000000001,9.785396259825553,6.286516853932584,18329.0,False,False
212,61.13934426229508,1083.6065573770493,51.545,8.101180922147954,5.073770491803279,16441.0,False,False
213,60.68141592920354,311.17699115044246,47.74250000000001,7.796642800880295,6.185840707964601,23218.0,False,False
214,59.714285714285715,429.18367346938777,20.7025,5.134125210284583,5.979591836734694,22784.0,False,False
215,61.9921875,588.515625,54.080000000000005,8.297999432349801,7.8125,22880.0,False,False
216,61.126315789473686,1060.8736842105263,40.1375,7.148751795020415,4.557894736842106,14985.0,False,False
217,61.40449438202247,1215.3820224719102,37.602500000000006,6.919320051920128,3.056179775280899,12384.0,False,False
218,63.61333333333334,454.25333333333333,63.37500000000001,8.982847886254723,5.726666666666667,20893.0,False,False
219,62.981818181818184,673.8545454545455,46.475,7.692451354514157,5.254545454545455,20186.0,False,False
220,63.447154471544714,336.0975609756098,51.96750000000001,8.134314724734013,6.162601626016261,22531.0,False,False
221,63.686868686868685,467.5959595959596,41.82750000000001,7.297700121093632,6.414141414141414,20500.0,False,False
222,64.62790697674419,534.8837209302326,54.502500000000005,8.33035043001963,6.1395348837209305,20588.0,False,False
223,65.12790697674419,722.8488372093024,72.67,9.619060126431496,6.203488372093023,26286.0,False,False
224,63.49,1181.78,42.25000000000001,7.3344645861208315,4.08,13108.0,False,False
225,64.91818181818182,233.94545454545454,46.475,7.692451354514157,8.945454545454545,24484.0,False,False
226,63.092592592592595,784.3703703703703,22.815,5.389708731752834,6.277777777777778,16536.0,False,False
227,64.02380952380952,792.75,35.49,6.722147829574334,5.5,16130.0,False,False
228,64.02409638554217,1147.9759036144578,35.0675,6.682015245043993,4.795180722891566,14231.0,False,False
229,67.216,133.248,52.81250000000001,8.200180696565521,19.936,45538.0,False,False
230,64.90677966101696,405.1186440677966,49.855000000000004,7.967267881951225,7.52542372881356,24452.0,False,False
231,64.87878787878788,644.5151515151515,41.82750000000001,7.297700121093632,8.616161616161616,21415.0,False,True
232,63.34090909090909,683.5909090909091,18.590000000000003,4.865133414062422,5.795454545454546,19831.0,False,False
233,66.53846153846153,1027.3736263736264,38.447500000000005,6.996633290104976,4.450549450549451,15598.0,False,False
234,65.53846153846153,3.8461538461538463,27.462500000000002,5.913234393907399,11.061538461538461,22058.0,False,False
235,64.11320754716981,57.81132075471698,22.392500000000002,5.3395708165996005,7.528301886792453,27052.0,False,False
236,65.30188679245283,164.67924528301887,22.392500000000002,5.3395708165996005,11.245283018867925,36385.0,False,False
237,64.4776119402985,185.34328358208955,28.307500000000005,6.003518003020447,9.283582089552239,27689.0,False,False
238,65.14102564102564,270.0769230769231,32.955000000000005,6.477623730716943,5.948717948717949,23881.0,False,False
239,69.51079136690647,200.77697841726618,58.727500000000006,8.647206217237697,7.741007194244604,26430.0,False,False
240,67.49056603773585,1109.993710691824,67.17750000000001,9.24840794496255,8.056603773584905,17165.0,False,False
241,66.95,1204.09,42.25000000000001,7.3344645861208315,3.92,12378.0,False,False
242,67.62068965517241,524.735632183908,36.7575,6.8411331346205175,5.793103448275862,20833.0,False,False
243,68.06666666666666,1223.911111111111,38.025000000000006,6.958084052995808,3.922222222222222,12334.0,False,False
244,69.49425287356321,701.2873563218391,73.515,9.6748232609803,5.040229885057471,20175.0,False,False
245,68.88349514563107,827.1747572815534,43.517500000000005,7.443668577254932,6.271844660194175,20143.0,False,False
246,71.78172588832487,982.5329949238578,83.2325,10.294411610537507,7.538071065989848,18442.0,False,False
247,70.4453781512605,424.14285714285717,50.2775,8.000956268498294,6.4033613445378155,23758.0,False,False
248,70.39506172839506,762.358024691358,34.222500000000004,6.601018127508749,6.407407407407407,23164.0,False,False
249,72.10309278350516,1077.020618556701,40.9825,7.22360987610134,4.865979381443299,16802.0,False,False
250,71.52884615384616,485.0769230769231,43.940000000000005,7.479715609277069,6.6826923076923075,20448.0,False,False
251,72.10606060606061,510.8560606060606,55.77,8.426658258757147,4.196969696969697,20847.0,False,False
252,73.99404761904762,1015.5892857142857,70.98,9.506552628860888,4.904761904761905,16380.0,False,False
253,72.41836734693878,616.5714285714286,41.405,7.260749503306075,5.795918367346939,23719.0,False,False
254,72.8688524590164,840.8360655737705,25.7725,5.728399965669906,12.311475409836065,21029.0,False,False
255,73.55072463768116,965.5,58.30500000000001,8.616045012404687,5.427536231884058,19405.0,False,False
256,72.34862385321101,1095.559633027523,46.0525,7.6574058357851245,9.045871559633028,17129.0,False,False
257,73.29629629629629,178.64814814814815,45.63,7.622199185685551,7.685185185185185,31781.0,False,False
258,74.10483870967742,241.6451612903226,52.39000000000001,8.167314108608483,7.943548387096774,24679.0,False,False
259,73.74814814814815,450.89629629629627,57.03750000000001,8.521877758618217,7.2518518518518515,21260.0,False,False
260,73.76595744680851,931.8723404255319,59.572500000000005,8.709194152086374,7.0638297872340425,19584.0,False,False
261,73.89795918367346,1160.687074829932,62.10750000000001,8.892565716633143,4.108843537414966,13854.0,False,False
262,77.66903914590748,1182.715302491103,118.72250000000001,12.294803042335424,4.597864768683274,12960.0,False,False
263,74.54954954954955,567.2882882882883,46.89750000000001,7.727337934192946,6.099099099099099,23048.0,False,False
264,77.54225352112677,226.50704225352112,59.995000000000005,8.740023254338977,6.690140845070423,25619.0,False,False
265,74.04225352112677,521.2253521126761,29.997500000000002,6.180129710871209,7.253521126760563,20870.0,False,False
266,74.92647058823529,602.3088235294117,28.730000000000004,6.048154439185661,6.617647058823529,24445.0,False,False
267,78.50276243093923,141.5027624309392,76.47250000000001,9.867512912824576,27.30939226519337,47364.0,True,False
268,74.53571428571429,852.375,23.660000000000004,5.488610719338178,10.267857142857142,21101.0,False,False
269,74.5625,1055.125,20.28,5.081466123790367,5.75,15842.0,False,False
270,78.27777777777777,121.23232323232324,83.65500000000002,10.320506485382394,12.813131313131313,46230.0,False,False
271,77.97826086956522,186.33695652173913,38.870000000000005,7.034971293747812,10.98913043478261,31342.0,False,False
272,78.80132450331126,330.0331125827815,63.79750000000001,9.01274097349089,7.417218543046357,26132.0,False,False
273,74.88372093023256,358.7906976744186,18.1675,4.809530063215748,8.534883720930232,25718.0,False,False
274,78.0576923076923,558.5288461538462,43.940000000000005,7.479715609277069,6.076923076923077,22662.0,False,False
275,79.28828828828829,1236.4324324324325,46.89750000000001,7.727337934192946,3.684684684684685,11754.0,False,False
276,78.46551724137932,76.89655172413794,49.010000000000005,7.8994601136704485,9.310344827586206,30385.0,False,False
277,77.5,544.7906976744187,36.335,6.801702644040839,6.1976744186046515,21049.0,False,False
278,75.725,868.375,16.900000000000002,4.638722701997206,5.075,20114.0,False,False
279,79.06666666666666,943.6333333333333,63.37500000000001,8.982847886254723,7.833333333333333,18865.0,False,True
280,82.86695278969957,1251.381974248927,98.44250000000001,11.195574298917911,4.605150214592275,8611.0,False,False
281,82.09677419354838,156.23225806451612,65.48750000000001,9.131334770220834,12.374193548387098,44987.0,False,False
282,79.46280991735537,288.7685950413223,51.1225,8.067911044732915,8.016528925619834,29552.0,False,False
283,80.53703703703704,528.3518518518518,45.63,7.622199185685551,6.722222222222222,20808.0,False,False
284,80.82716049382717,994.5,68.44500000000001,9.335249361393526,5.62962962962963,18673.0,False,False
285,79.13793103448276,1222.405172413793,49.010000000000005,7.8994601136704485,3.5344827586206895,12433.0,False,False
286,78.98611111111111,1067.0,30.42,6.223499574262349,4.972222222222222,15766.0,False,False
287,81.11643835616438,1111.4383561643835,61.68500000000001,8.86226727857993,4.397260273972603,17907.0,False,False
288,81.53097345132744,720.0176991150443,47.74250000000001,7.796642800880295,6.982300884955753,32049.0,False,False
289,82.43564356435644,45.83168316831683,42.67250000000001,7.371045683803026,8.415841584158416,35099.0,False,False
290,82.72477064220183,214.44954128440367,46.0525,7.6574058357851245,7.972477064220183,27978.0,False,False
291,81.5,738.8620689655172,24.505000000000003,5.58576181408903,17.551724137931036,34222.0,False,False
292,83.74789915966386,1200.0420168067226,50.2775,8.000956268498294,4.638655462184874,12840.0,False,False
293,84.35911602209944,486.0497237569061,76.47250000000001,9.867512912824576,5.790055248618785,21203.0,False,False
294,83.76258992805755,571.0575539568346,58.727500000000006,8.647206217237697,5.705035971223022,23334.0,False,False
295,84.06428571428572,704.9214285714286,59.150000000000006,8.67825553156191,7.242857142857143,26146.0,False,False
296,83.47422680412372,852.659793814433,40.9825,7.22360987610134,7.350515463917525,21018.0,False,False
297,86.10588235294118,974.4117647058823,71.825,9.562971834142516,5.070588235294117,20840.0,False,False
298,82.63963963963964,1091.6036036036037,46.89750000000001,7.727337934192946,5.198198198198198,17406.0,False,False
299,84.87209302325581,602.6744186046511,36.335,6.801702644040839,8.418604651162791,26282.0,False,False
300,87.2484076433121,468.09554140127386,66.33250000000001,9.190057785517194,5.617834394904459,21122.0,False,False
301,85.2051282051282,1071.6752136752136,49.432500000000005,7.933436443000028,4.829059829059829,16135.0,False,False
302,86.05882352941177,203.12745098039215,43.095000000000006,7.407446130776911,9.441176470588236,30111.0,False,False
303,87.33742331288343,1030.079754601227,68.8675,9.364017532397558,5.552147239263804,17103.0,False,False
304,88.76363636363637,233.14545454545456,46.475,7.692451354514157,8.309090909090909,27073.0,False,False
305,85.83783783783784,623.2162162162163,31.265000000000004,6.309345002941657,6.324324324324325,24494.0,False,False
306,89.26553672316385,1122.9661016949153,74.78250000000001,9.75787047742269,6.3559322033898304,17177.0,False,False
307,89.16326530612245,1239.408163265306,41.405,7.260749503306075,4.1020408163265305,11445.0,False,False
308,91.22857142857143,267.15714285714284,88.72500000000001,10.628648954906136,7.014285714285714,27191.0,False,False
309,87.41818181818182,642.4909090909091,23.2375,5.439384516724603,7.581818181818182,24663.0,False,False
310,89.61818181818182,762.5939393939394,69.7125,9.421290344870497,5.933333333333334,29045.0,False,False
311,89.60588235294118,960.8235294117648,71.825,9.562971834142516,5.264705882352941,21145.0,False,False
312,88.5576923076923,985.3076923076923,43.940000000000005,7.479715609277069,7.778846153846154,20343.0,False,False
313,89.94594594594595,113.95945945945945,31.265000000000004,6.309345002941657,13.324324324324325,52734.0,False,False
314,89.07843137254902,900.2352941176471,43.095000000000006,7.407446130776911,4.480392156862745,17453.0,False,False
315,90.296875,1226.5390625,54.080000000000005,8.297999432349801,4.8359375,12905.0,False,False
316,89.75675675675676,27.135135135135137,31.265000000000004,6.309345002941657,11.91891891891892,40857.0,False,False
317,88.60606060606061,124.96969696969697,27.885,5.958547197508803,16.984848484848484,56502.0,False,False
318,90.63953488372093,908.4069767441861,36.335,6.801702644040839,5.895348837209302,17983.0,False,False
319,88.78333333333333,1008.1833333333333,25.35,5.681251839078812,4.65,19156.0,False,False
320,88.28301886792453,1048.5094339622642,22.392500000000002,5.3395708165996005,5.3584905660377355,16775.0,False,False
321,90.14285714285714,14.793650793650794,26.617500000000003,5.8215507884058,20.523809523809526,34714.0,True,True
322,93.80829015544042,1156.3264248704663,81.5425,10.18936384552868,4.766839378238342,15313.0,False,False
323,93.63636363636364,573.7651515151515,55.77,8.426658258757147,8.462121212121213,24241.0,False,False
324,92.26315789473684,724.7894736842105,40.1375,7.148751795020415,22.810526315789474,35574.0,False,False
325,92.81818181818181,1099.0181818181818,46.475,7.692451354514157,5.554545454545455,17246.0,False,False
326,93.0,47.946666666666665,31.687500000000004,6.351832654737959,13.106666666666667,39071.0,False,False
327,94.54676258992805,79.68345323741008,58.727500000000006,8.647206217237697,10.575539568345324,37281.0,False,False
328,92.74603174603175,163.36507936507937,26.617500000000003,5.8215507884058,13.634920634920634,44014.0,False,False
329,93.60714285714286,178.77678571428572,47.32000000000001,7.762067717874401,11.732142857142858,37034.0,False,False
330,96.66839378238342,287.7150259067358,81.5425,10.18936384552868,9.430051813471502,35168.0,False,False
331,93.6,747.4380952380952,44.362500000000004,7.51558975086544,17.61904761904762,36411.0,False,False
332,91.94642857142857,1055.107142857143,23.660000000000004,5.488610719338178,4.964285714285714,16639.0,False,False
333,97.4,1171.5434782608695,97.17500000000001,11.123266281072276,4.369565217391305,14117.0,False,False
334,93.94117647058823,65.43137254901961,43.095000000000006,7.407446130776911,12.686274509803921,37343.0,False,False
335,93.62765957446808,333.1808510638298,39.715,7.1110272478142695,7.170212765957447,29831.0,False,False
336,95.0,734.5833333333334,35.49,6.722147829574334,28.535714285714285,37080.0,False,False
337,100.91549295774648,1197.8661971830986,119.99000000000001,12.360259421742418,4.503521126760563,13700.0,False,False
338,97.39306358381504,1138.2890173410406,73.0925,9.646981985240508,5.317919075144508,17438.0,False,False
339,96.41176470588235,6.882352941176471,28.730000000000004,6.048154439185661,11.573529411764707,30607.0,False,False
340,98.04477611940298,102.14179104477611,56.61500000000001,8.490256581822557,13.895522388059701,48289.0,False,False
341,95.77966101694915,134.0677966101695,24.927500000000002,5.633709146857493,24.661016949152543,64834.0,True,True
342,101.91573033707866,438.2191011235955,75.20500000000001,9.785396259825553,6.803370786516854,26570.0,False,False
343,102.14925373134328,1246.9651741293533,84.92250000000001,10.39839820538586,4.497512437810945,10515.0,False,False
344,99.06382978723404,249.61702127659575,39.715,7.1110272478142695,8.5,29140.0,False,False
345,97.94680851063829,917.8723404255319,39.715,7.1110272478142695,5.085106382978723,18927.0,False,False
346,98.6,946.75,50.7,8.034503402082343,6.825,20071.0,False,False
347,99.08928571428571,1071.8660714285713,47.32000000000001,7.762067717874401,5.258928571428571,15978.0,False,False
348,101.96268656716418,487.7910447761194,56.61500000000001,8.490256581822557,6.313432835820896,22444.0,False,False
349,96.86666666666666,668.5555555555555,19.012500000000003,4.920108417939312,11.355555555555556,25465.0,False,False
350,102.51818181818182,998.4045454545454,92.95,10.878769033449206,5.9409090909090905,21787.0,False,False
351,100.38938053097345,1091.858407079646,47.74250000000001,7.796642800880295,4.513274336283186,16165.0,False,False
352,100.25257731958763,1120.0051546391753,81.965,10.215727056074748,5.572164948453608,17706.0,False,False
353,99.864,1234.272,52.81250000000001,8.200180696565521,4.728,12815.0,False,False
354,101.33070866141732,30.433070866141733,53.657500000000006,8.265521814841879,13.196850393700787,47394.0,False,False
355,98.22,902.56,21.125000000000004,5.186249645218625,5.76,18248.0,False,False
356,100.55357142857143,935.5625,47.32000000000001,7.762067717874401,5.857142857142857,20211.0,False,False
357,101.07741935483871,1021.7677419354839,65.48750000000001,9.131334770220834,5.825806451612904,18488.0,False,False
358,100.56521739130434,465.7971014492754,29.152500000000003,6.092463855279885,8.014492753623188,22880.0,False,False
359,101.83018867924528,975.0094339622641,44.785000000000004,7.5512934660867375,6.462264150943396,23583.0,False,False
360,101.53153153153153,1037.1711711711712,46.89750000000001,7.727337934192946,6.4774774774774775,17878.0,False,False
361,104.55621301775147,143.5976331360947,71.4025,9.534803961957083,12.988165680473372,67918.0,False,False
362,101.25806451612904,307.4193548387097,26.195000000000004,5.775163190277621,29.983870967741936,36166.0,True,False
363,101.93069306930693,423.83168316831683,42.67250000000001,7.371045683803026,8.762376237623762,28614.0,False,False
364,103.3157894736842,449.38345864661653,56.1925,8.458517193783473,8.052631578947368,24810.0,False,False
365,105.29457364341086,219.51937984496124,54.502500000000005,8.33035043001963,9.364341085271318,37929.0,False,False
366,104.70093457943925,721.7943925233645,45.2075,7.586829161027343,13.009345794392523,35177.0,False,False
367,106.525,5.766666666666667,50.7,8.034503402082343,13.141666666666667,33245.0,False,False
368,105.55038759689923,89.06976744186046,54.502500000000005,8.33035043001963,12.054263565891473,43152.0,False,False
369,104.23333333333333,273.5833333333333,25.35,5.681251839078812,9.7,33393.0,False,False
370,107.13675213675214,695.6410256410256,49.432500000000005,7.933436443000028,7.726495726495727,27498.0,False,False
371,106.32231404958678,1145.9256198347107,51.1225,8.067911044732915,5.421487603305785,19209.0,False,False
372,108.93491124260355,632.7337278106509,71.4025,9.534803961957083,8.923076923076923,29701.0,False,False
373,107.125,735.175,50.7,8.034503402082343,12.625,37733.0,False,False
374,107.91351351351351,868.3675675675676,78.16250000000001,9.9759503765487,4.881081081081081,18128.0,False,False
375,105.69491525423729,264.8135593220339,24.927500000000002,5.633709146857493,9.694915254237289,31962.0,False,False
376,107.62264150943396,587.1509433962265,44.785000000000004,7.5512934660867375,7.8584905660377355,32966.0,False,False
377,107.6068376068376,605.5128205128206,49.432500000000005,7.933436443000028,12.846153846153847,36090.0,False,False
378,108.67567567567568,240.3063063063063,46.89750000000001,7.727337934192946,9.063063063063064,38559.0,False,False
379,108.42528735632185,850.6206896551724,36.7575,6.8411331346205175,5.160919540229885,18218.0,False,False
380,109.11811023622047,920.488188976378,53.657500000000006,8.265521814841879,6.102362204724409,19654.0,False,False
381,108.11538461538461,1255.7307692307693,32.955000000000005,6.477623730716943,3.8974358974358974,8434.0,False,False
382,107.64406779661017,66.28813559322033,24.927500000000002,5.633709146857493,14.084745762711865,45128.0,False,False
383,109.41739130434783,129.45217391304348,48.587500000000006,7.8653370162898755,34.44347826086957,73402.0,False,False
384,107.15625,546.625,13.520000000000001,4.148999716174901,7.40625,25487.0,False,False
385,109.02884615384616,897.4903846153846,43.940000000000005,7.479715609277069,5.798076923076923,19450.0,False,False
386,110.28776978417267,1129.68345323741,58.727500000000006,8.647206217237697,5.892086330935252,21346.0,False,False
387,112.65,1010.08,42.25000000000001,7.3344645861208315,7.48,21649.0,False,False
388,110.20833333333333,1053.6666666666667,40.56,7.186278309003779,4.916666666666667,17701.0,False,False
389,110.46428571428571,1183.642857142857,47.32000000000001,7.762067717874401,4.339285714285714,14412.0,False,False
390,112.4,152.15652173913043,48.587500000000006,7.8653370162898755,18.26086956521739,60486.0,False,False
391,112.57894736842105,746.9624060150376,56.1925,8.458517193783473,11.398496240601503,37331.0,False,False
392,109.38,943.18,21.125000000000004,5.186249645218625,7.76,23417.0,False,False
393,111.33333333333333,1068.5806451612902,39.292500000000004,7.073101498742004,5.032258064516129,16771.0,False,False
394,113.40106951871658,1220.6791443850268,79.00750000000001,10.029729474450614,4.593582887700535,14441.0,False,False
395,113.37931034482759,345.87931034482756,49.010000000000005,7.8994601136704485,9.879310344827585,37377.0,False,False
396,109.92727272727272,425.1090909090909,23.2375,5.439384516724603,9.436363636363636,30249.0,False,False
397,116.41904761904762,478.7142857142857,44.362500000000004,7.51558975086544,8.685714285714285,25781.0,False,False
398,112.81818181818181,187.0,41.82750000000001,7.297700121093632,14.494949494949495,41222.0,False,False
399,114.13223140495867,300.3636363636364,51.1225,8.067911044732915,13.950413223140496,39748.0,False,False
400,118.85650224215247,1236.5291479820628,94.21750000000002,10.952691304245054,4.596412556053812,14193.0,False,False
401,114.88034188034187,274.15384615384613,49.432500000000005,7.933436443000028,12.11965811965812,37379.0,False,False
402,114.57851239669421,882.5206611570248,51.1225,8.067911044732915,5.380165289256198,19548.0,False,False
403,118.34705882352941,909.1823529411764,71.825,9.562971834142516,6.723529411764706,19987.0,False,False
404,116.17647058823529,204.0718954248366,64.64250000000001,9.072231658778492,13.333333333333334,43737.0,False,False
405,115.68367346938776,460.83673469387753,41.405,7.260749503306075,8.03061224489796,26463.0,False,False
406,115.68041237113403,709.4432989690722,40.9825,7.22360987610134,7.092783505154639,29455.0,False,False
407,115.10126582278481,37.44303797468354,33.377500000000005,6.519014718835807,14.139240506329115,67340.0,False,False
408,115.41176470588235,69.8529411764706,28.730000000000004,6.048154439185661,14.132352941176471,52264.0,False,False
409,116.9765625,329.3046875,54.080000000000005,8.297999432349801,9.1875,37807.0,False,False
410,119.04848484848485,933.0666666666667,69.7125,9.421290344870497,6.624242424242424,23470.0,False,False
411,114.29411764705883,959.3529411764706,14.365000000000002,4.276691017611702,9.176470588235293,29834.0,False,False
412,118.43795620437956,88.47445255474453,57.88250000000001,8.584770698634475,16.116788321167885,52209.0,False,False
413,115.85714285714286,849.4285714285714,20.7025,5.134125210284583,6.020408163265306,17885.0,False,False
414,119.35483870967742,1023.479262672811,91.6825,10.804341005363613,6.1013824884792625,20647.0,False,False
415,117.86138613861387,240.88118811881188,42.67250000000001,7.371045683803026,12.108910891089108,47705.0,False,False
416,121.24137931034483,1041.5689655172414,73.515,9.6748232609803,6.011494252873563,19994.0,False,False
417,118.9113924050633,105.65189873417721,66.75500000000001,9.219279028687428,14.310126582278482,70622.0,False,False
418,117.34146341463415,545.560975609756,17.3225,4.696348795998318,9.24390243902439,27931.0,False,False
419,123.7967032967033,142.01098901098902,76.89500000000001,9.894733689817546,16.664835164835164,73812.0,False,False
420,121.29251700680273,1186.6666666666667,62.10750000000001,8.892565716633143,5.238095238095238,15078.0,False,False
421,120.91666666666667,28.90625,40.56,7.186278309003779,16.770833333333332,72250.0,False,False
422,122.73636363636363,566.0818181818182,46.475,7.692451354514157,7.2272727272727275,32072.0,False,False
423,121.421875,957.484375,27.040000000000003,5.867571668896666,12.09375,31508.0,False,False
424,125.83251231527093,1110.0541871921182,85.76750000000001,10.450003476223014,5.620689655172414,20207.0,False,False
425,121.02409638554217,1125.9156626506024,35.0675,6.682015245043993,5.518072289156627,22695.0,False,False
426,123.59740259740259,116.12987012987013,32.532500000000006,6.4359665543799,25.90909090909091,76873.0,False,False
427,121.60810810810811,266.5810810810811,31.265000000000004,6.309345002941657,12.972972972972974,41320.0,False,False
428,122.65789473684211,968.6140350877193,48.165000000000006,7.831065232276457,9.31578947368421,32611.0,False,False
429,121.92307692307692,1064.3365384615386,43.940000000000005,7.479715609277069,4.951923076923077,18138.0,False,False
430,123.3157894736842,1093.6894736842105,80.275,10.109861742556879,4.88421052631579,17026.0,False,False
431,121.55813953488372,1257.2790697674418,18.1675,4.809530063215748,5.511627906976744,8637.0,False,False
432,125.67484662576688,128.96319018404907,68.8675,9.364017532397558,65.03680981595092,77864.0,True,False
433,125.05343511450381,497.77862595419845,55.347500000000004,8.394678415652944,8.404580152671755,27000.0,False,False
434,123.24285714285715,535.5142857142857,29.575000000000003,6.136453335237093,12.271428571428572,28751.0,False,False
435,124.34246575342466,613.431506849315,61.68500000000001,8.86226727857993,17.404109589041095,40697.0,False,False
436,124.60645161290323,871.3741935483871,65.48750000000001,9.131334770220834,4.780645161290322,18982.0,False,False
437,123.51538461538462,1137.1384615384616,54.925000000000004,8.362576277354894,13.807692307692308,22737.0,False,False
438,125.58620689655173,948.2206896551725,61.2625,8.831864899857669,7.489655172413793,30500.0,False,False
439,125.66071428571429,76.75892857142857,47.32000000000001,7.762067717874401,12.991071428571429,59555.0,False,False
440,123.2439024390244,253.0487804878049,17.3225,4.696348795998318,10.609756097560975,48504.0,False,False
441,125.56470588235294,56.4,35.9125,6.762042232218129,18.976470588235294,72454.0,False,False
442,128.311377245509,995.2934131736527,70.5575,9.47821708854842,8.838323353293413,26791.0,False,True
443,126.63302752293578,1074.2568807339449,46.0525,7.6574058357851245,6.4036697247706424,17763.0,False,False
444,126.57657657657657,1197.6666666666667,46.89750000000001,7.727337934192946,4.702702702702703,15336.0,False,False
445,126.81294964028777,1225.2805755395684,58.727500000000006,8.647206217237697,4.676258992805756,15591.0,False,False
446,127.33333333333333,600.438596491228,48.165000000000006,7.831065232276457,22.49122807017544,44724.0,True,True
447,127.68235294117648,1121.4235294117648,35.9125,6.762042232218129,7.305882352941176,22903.0,False,False
448,130.87654320987653,1163.4197530864199,102.6675,11.433298778528327,5.139917695473251,19911.0,False,False
449,129.0108695652174,551.6195652173913,38.870000000000005,7.034971293747812,8.01086956521739,31515.0,False,False
450,132.76984126984127,323.5238095238095,53.23500000000001,8.232916079007266,10.515873015873016,36523.0,False,False
451,128.48863636363637,855.2045454545455,37.18000000000001,6.880337656921596,5.1477272727272725,18009.0,False,False
452,130.5686274509804,1057.9607843137255,43.095000000000006,7.407446130776911,6.362745098039215,20700.0,False,False
453,132.83522727272728,180.6193181818182,74.36000000000001,9.730266828124844,12.204545454545455,49207.0,False,False
454,129.04819277108433,204.14457831325302,35.0675,6.682015245043993,18.072289156626507,49403.0,False,False
455,131.94972067039106,753.9888268156425,75.62750000000001,9.812844830601293,11.860335195530727,30026.0,False,False
456,130.80575539568346,897.1726618705036,58.727500000000006,8.647206217237697,10.611510791366907,20153.0,False,False
457,134.62874251497007,192.52095808383234,70.5575,9.47821708854842,12.778443113772456,50807.0,False,False
458,132.13636363636363,1026.6298701298701,65.06500000000001,9.101831188183693,6.662337662337662,24578.0,False,False
459,134.00531914893617,96.43085106382979,79.43,10.056511176263564,19.8031914893617,68573.0,False,False
460,132.54347826086956,675.0978260869565,38.870000000000005,7.034971293747812,6.804347826086956,27352.0,False,False
461,133.8855421686747,724.2289156626506,70.135,9.449796583524995,7.4156626506024095,28699.0,False,False
462,132.2710280373832,940.411214953271,45.2075,7.586829161027343,7.5514018691588785,30385.0,False,False
463,133.98639455782313,1206.1156462585034,62.10750000000001,8.892565716633143,5.149659863945578,15701.0,False,False
464,130.77551020408163,1252.0816326530612,20.7025,5.134125210284583,6.612244897959184,10844.0,False,False
465,131.95081967213116,269.95081967213116,25.7725,5.728399965669906,14.459016393442623,45644.0,False,False
466,133.69767441860466,429.8953488372093,36.335,6.801702644040839,11.744186046511627,35422.0,False,False
467,132.45762711864407,1088.1694915254238,24.927500000000002,5.633709146857493,6.1525423728813555,17569.0,False,False
468,134.41558441558442,1232.7922077922078,32.532500000000006,6.4359665543799,5.103896103896104,15997.0,False,False
469,134.12962962962962,68.39814814814815,45.63,7.622199185685551,32.48148148148148,73869.0,False,False
470,135.56428571428572,110.72857142857143,59.150000000000006,8.67825553156191,20.535714285714285,80228.0,False,False
471,132.17241379310346,218.6206896551724,24.505000000000003,5.58576181408903,17.655172413793103,57299.0,False,False
472,133.6875,633.8875,33.800000000000004,6.560144557252417,8.425,37301.0,False,False
473,134.46153846153845,48.717948717948715,32.955000000000005,6.477623730716943,25.78205128205128,88577.0,False,False
474,135.4392523364486,82.62616822429906,45.2075,7.586829161027343,21.53271028037383,69166.0,False,False
475,137.19886363636363,446.14204545454544,74.36000000000001,9.730266828124844,10.965909090909092,33980.0,False,False
476,135.59139784946237,564.8494623655914,39.292500000000004,7.073101498742004,10.924731182795698,37991.0,False,False
477,134.11494252873564,1138.1724137931035,36.7575,6.8411331346205175,17.54022988505747,23338.0,False,False
478,137.78488372093022,20.819767441860463,72.67,9.619060126431496,47.075581395348834,73741.0,True,False
479,134.68253968253967,314.2063492063492,26.617500000000003,5.8215507884058,12.682539682539682,36770.0,False,False
480,135.93478260869566,158.2173913043478,19.435000000000002,4.974475907261778,14.326086956521738,62770.0,False,False
481,140.61635220125785,486.8050314465409,67.17750000000001,9.24840794496255,9.333333333333334,33208.0,False,False
482,139.21678321678323,962.7412587412588,60.417500000000004,8.770743993187619,25.006993006993007,33280.0,False,False
483,138.20437956204378,1117.992700729927,57.88250000000001,8.584770698634475,7.671532846715328,22812.0,False,False
484,144.0590405904059,35.61254612546126,114.49750000000002,12.074052541434225,51.125461254612546,89179.0,True,False
485,138.86725663716814,459.87610619469024,47.74250000000001,7.796642800880295,13.646017699115044,33197.0,False,False
486,139.16666666666666,520.8888888888889,53.23500000000001,8.232916079007266,8.38888888888889,33068.0,False,False
487,138.41666666666666,923.324074074074,45.63,7.622199185685551,5.277777777777778,24213.0,False,False
488,139.5448275862069,1041.6482758620689,61.2625,8.831864899857669,8.593103448275862,26095.0,False,False
489,136.69230769230768,210.09615384615384,21.970000000000002,5.288957628666685,14.846153846153847,58790.0,False,False
490,140.78527607361963,994.8773006134969,68.8675,9.364017532397558,7.969325153374233,26356.0,False,True
491,139.13698630136986,391.7671232876712,30.842500000000005,6.266569289371519,57.35616438356164,85881.0,True,False
492,140.81553398058253,618.6019417475728,43.517500000000005,7.443668577254932,12.184466019417476,49723.0,False,False
493,139.0344827586207,218.63793103448276,24.505000000000003,5.58576181408903,16.775862068965516,63138.0,False,False
494,138.88636363636363,283.6136363636364,18.590000000000003,4.865133414062422,14.25,45111.0,False,False
495,141.96842105263158,425.0421052631579,40.1375,7.148751795020415,10.25263157894737,40422.0,False,False
496,140.45098039215685,658.843137254902,21.547500000000003,5.237855390346407,9.431372549019608,27628.0,False,False
497,141.6124031007752,911.4496124031008,54.502500000000005,8.33035043001963,5.434108527131783,23136.0,False,False
498,141.7037037037037,1182.8796296296296,45.63,7.622199185685551,4.787037037037037,16296.0,False,False
499,141.7659574468085,2.021276595744681,19.8575,5.028255588131782,22.93617021276596,43742.0,False,False
500,140.02439024390245,409.0487804878049,17.3225,4.696348795998318,11.731707317073171,62792.0,False,False
501,142.925,693.4,50.7,8.034503402082343,10.041666666666666,26973.0,False,True
502,142.26732673267327,774.039603960396,42.67250000000001,7.371045683803026,9.217821782178218,37325.0,False,False
503,142.21212121212122,1019.7070707070707,41.82750000000001,7.297700121093632,6.545454545454546,26361.0,False,False
504,143.15384615384616,1133.3504273504273,49.432500000000005,7.933436443000028,13.316239316239317,23564.0,False,False
505,142.32608695652175,1158.6195652173913,38.870000000000005,7.034971293747812,5.695652173913044,21554.0,False,False
506,142.1891891891892,149.3108108108108,31.265000000000004,6.309345002941657,21.5,76295.0,False,False
507,144.9873417721519,240.31012658227849,66.75500000000001,9.219279028687428,32.278481012658226,70493.0,False,False
508,143.82,252.32,42.25000000000001,7.3344645861208315,19.13,65920.0,False,False
509,144.77631578947367,897.6184210526316,64.22000000000001,9.042535239792663,6.151315789473684,20905.0,False,False
510,145.03649635036496,1103.8759124087592,57.88250000000001,8.584770698634475,4.875912408759124,19274.0,False,False
511,146.56637168141592,220.91150442477877,47.74250000000001,7.796642800880295,20.911504424778762,69641.0,False,False
512,144.12605042016807,306.65546218487395,50.2775,8.000956268498294,11.134453781512605,38968.0,False,False
513,143.37755102040816,803.5204081632653,41.405,7.260749503306075,8.581632653061224,33538.0,False,False
514,142.77777777777777,1228.7407407407406,22.815,5.389708731752834,5.388888888888889,16914.0,False,False
515,144.7375,468.3125,33.800000000000004,6.560144557252417,7.7,34871.0,False,False
516,144.55263157894737,627.1052631578947,32.11000000000001,6.394037987175715,10.052631578947368,47351.0,False,False
517,144.9090909090909,677.7402597402597,32.532500000000006,6.4359665543799,6.883116883116883,27094.0,False,False
518,146.60169491525423,971.5932203389831,49.855000000000004,7.967267881951225,10.14406779661017,32883.0,False,False
519,146.7816091954023,208.48275862068965,36.7575,6.8411331346205175,17.275862068965516,67311.0,False,False
520,147.8116883116883,877.8376623376623,65.06500000000001,9.101831188183693,6.201298701298701,19731.0,False,False
521,147.30555555555554,115.71296296296296,45.63,7.622199185685551,19.805555555555557,80559.0,True,False
522,147.94230769230768,432.21153846153845,43.940000000000005,7.479715609277069,12.086538461538462,39990.0,False,False
523,151.11267605633802,51.25821596244131,89.9925,10.704298656594888,30.206572769953052,103461.0,False,False
524,149.05072463768116,86.5072463768116,58.30500000000001,8.616045012404687,17.905797101449274,79068.0,False,False
525,149.87692307692308,98.03076923076924,54.925000000000004,8.362576277354894,20.46923076923077,74305.0,False,False
526,151.6968085106383,584.9468085106383,79.43,10.056511176263564,31.904255319148938,64087.0,False,False
527,148.94871794871796,644.5128205128206,49.432500000000005,7.933436443000028,10.11111111111111,38593.0,False,False
528,148.71304347826086,662.0,48.587500000000006,7.8653370162898755,9.02608695652174,29106.0,False,False
529,148.74074074074073,1084.1234567901236,34.222500000000004,6.601018127508749,5.1234567901234565,18868.0,False,False
530,148.8153846153846,142.13846153846154,54.925000000000004,8.362576277354894,19.676923076923078,83159.0,False,False
531,149.35294117647058,857.7226890756302,50.2775,8.000956268498294,5.798319327731092,19238.0,False,False
532,147.86274509803923,1074.6274509803923,21.547500000000003,5.237855390346407,6.8431372549019605,19785.0,False,False
533,151.2941176470588,128.5392156862745,43.095000000000006,7.407446130776911,27.705882352941178,85365.0,True,False
534,150.8421052631579,380.90526315789475,40.1375,7.148751795020415,45.305263157894736,94353.0,True,False
535,150.54455445544554,554.3861386138614,42.67250000000001,7.371045683803026,9.029702970297029,43424.0,False,False
536,151.7983870967742,1014.9596774193549,52.39000000000001,8.167314108608483,7.137096774193548,27272.0,False,False
537,151.07692307692307,1148.7435897435898,32.955000000000005,6.477623730716943,6.346153846153846,22580.0,False,False
538,152.34285714285716,1175.7785714285715,59.150000000000006,8.67825553156191,4.65,17231.0,False,False
539,152.09183673469389,788.8367346938776,41.405,7.260749503306075,26.897959183673468,37760.0,False,True
540,152.70093457943926,1205.822429906542,45.2075,7.586829161027343,5.4766355140186915,16790.0,False,False
541,153.21487603305786,324.3719008264463,51.1225,8.067911044732915,9.115702479338843,38990.0,False,False
542,154.33879781420765,827.6666666666666,77.31750000000001,9.92187978661609,7.60655737704918,22895.0,False,False
543,155.2520325203252,349.1544715447154,51.96750000000001,8.134314724734013,14.048780487804878,60676.0,False,False
544,154.3181818181818,447.96590909090907,37.18000000000001,6.880337656921596,10.818181818181818,41189.0,False,False
545,152.59701492537314,484.67164179104475,28.307500000000005,6.003518003020447,13.029850746268657,40592.0,False,False
546,154.5741935483871,688.0322580645161,65.48750000000001,9.131334770220834,9.03225806451613,27697.0,False,False
547,154.7843137254902,392.53921568627453,43.095000000000006,7.407446130776911,17.598039215686274,89329.0,False,False
548,153.91489361702128,411.8936170212766,19.8575,5.028255588131782,15.595744680851064,61189.0,False,False
549,158.17857142857142,575.3642857142858,59.150000000000006,8.67825553156191,15.892857142857142,69231.0,False,False
550,156.32038834951456,745.1359223300971,43.517500000000005,7.443668577254932,7.058252427184466,27926.0,False,False
551,157.67586206896553,466.93793103448274,61.2625,8.831864899857669,15.675862068965516,41622.0,False,False
552,156.03092783505156,810.4742268041238,40.9825,7.22360987610134,7.979381443298969,32326.0,False,False
553,156.88571428571427,967.0571428571428,44.362500000000004,7.51558975086544,6.390476190476191,32350.0,False,False
554,156.95454545454547,1093.9272727272728,46.475,7.692451354514157,5.509090909090909,18948.0,False,False
555,155.77631578947367,1232.0,32.11000000000001,6.394037987175715,4.4868421052631575,17193.0,False,False
556,156.55072463768116,219.92753623188406,29.152500000000003,6.092463855279885,22.304347826086957,76151.0,False,False
557,156.06,239.62,21.125000000000004,5.186249645218625,26.58,80717.0,False,False
558,156.64102564102564,248.87179487179486,16.477500000000003,4.5803716659648535,22.333333333333332,78773.0,False,False
559,159.86923076923077,1050.5615384615385,54.925000000000004,8.362576277354894,9.9,28205.0,False,False
560,157.0,301.5,16.055000000000003,4.5212676198963315,12.263157894736842,49321.0,False,False
561,157.9298245614035,545.9824561403509,24.082500000000003,5.537399329656889,14.298245614035087,41724.0,False,False
562,160.20422535211267,561.6619718309859,59.995000000000005,8.740023254338977,14.95774647887324,62069.0,False,False
563,157.8,852.8363636363637,23.2375,5.439384516724603,6.6,19426.0,False,False
564,161.39716312056737,959.0,59.572500000000005,8.709194152086374,7.858156028368795,32871.0,False,False
565,159.17241379310346,974.8275862068965,24.505000000000003,5.58576181408903,8.224137931034482,29961.0,False,False
566,158.68,1226.12,21.125000000000004,5.186249645218625,4.84,17251.0,False,False
567,159.90434782608696,8.02608695652174,48.587500000000006,7.8653370162898755,18.608695652173914,46239.0,False,False
568,160.375,152.925,50.7,8.034503402082343,46.85,81501.0,True,False
569,160.13793103448276,497.1810344827586,49.010000000000005,7.8994601136704485,12.327586206896552,51668.0,False,False
570,160.0752688172043,649.2688172043011,39.292500000000004,7.073101498742004,12.623655913978494,41177.0,False,True
571,163.9433962264151,21.937106918238992,67.17750000000001,9.24840794496255,19.144654088050313,73121.0,False,False
572,160.9047619047619,900.0272108843537,62.10750000000001,8.892565716633143,6.292517006802721,22488.0,False,False
573,161.725,918.3583333333333,50.7,8.034503402082343,7.291666666666667,27770.0,False,False
574,160.86021505376345,1198.483870967742,39.292500000000004,7.073101498742004,5.333333333333333,17035.0,False,False
575,161.6086956521739,213.14492753623188,29.152500000000003,6.092463855279885,19.391304347826086,74442.0,False,False
576,163.50413223140495,399.60330578512395,51.1225,8.067911044732915,17.537190082644628,72549.0,False,False
577,163.55045871559633,815.8899082568807,46.0525,7.6574058357851245,8.146788990825687,28456.0,False,False
578,163.82901554404145,1147.2746113989638,81.5425,10.18936384552868,5.896373056994818,20864.0,False,False
579,164.08064516129033,1215.9032258064517,52.39000000000001,8.167314108608483,5.491935483870968,17201.0,False,False
580,161.63333333333333,1239.1777777777777,38.025000000000006,6.958084052995808,5.977777777777778,15978.0,False,False
581,163.7596153846154,182.5096153846154,43.940000000000005,7.479715609277069,32.625,71180.0,True,False
582,162.24358974358975,375.3076923076923,32.955000000000005,6.477623730716943,23.974358974358974,85226.0,False,False
583,165.43478260869566,415.8782608695652,48.587500000000006,7.8653370162898755,14.608695652173912,56784.0,False,True
584,165.57647058823528,865.5882352941177,35.9125,6.762042232218129,5.4,19340.0,False,False
585,164.1743119266055,75.22018348623853,46.0525,7.6574058357851245,39.440366972477065,95883.0,False,False
586,164.98581560283688,131.53191489361703,59.572500000000005,8.709194152086374,23.80141843971631,87610.0,False,False
587,164.56349206349208,277.1507936507937,53.23500000000001,8.232916079007266,18.142857142857142,62071.0,False,False
588,163.9009900990099,330.58415841584156,42.67250000000001,7.371045683803026,10.613861386138614,41562.0,False,False
589,164.47368421052633,454.5701754385965,48.165000000000006,7.831065232276457,13.43859649122807,47458.0,False,False
590,168.13142857142856,908.5428571428571,73.93750000000001,9.702584647343,6.645714285714286,26808.0,False,False
591,165.70992366412213,1037.8320610687024,55.347500000000004,8.394678415652944,17.748091603053435,28621.0,False,True
592,162.84848484848484,1122.2272727272727,27.885,5.958547197508803,6.9393939393939394,21233.0,False,False
593,164.9418604651163,1252.1511627906978,36.335,6.801702644040839,6.755813953488372,12362.0,False,False
594,165.06944444444446,313.7916666666667,30.42,6.223499574262349,12.027777777777779,47444.0,False,False
595,163.04347826086956,1078.1304347826087,19.435000000000002,4.974475907261778,7.217391304347826,20323.0,False,False
596,169.74545454545455,51.63030303030303,69.7125,9.421290344870497,41.2969696969697,94036.0,True,False
597,164.7704918032787,113.70491803278688,25.7725,5.728399965669906,31.327868852459016,76375.0,False,False
598,165.92523364485982,634.7289719626168,45.2075,7.586829161027343,26.401869158878505,50772.0,False,False
599,164.5,689.72,21.125000000000004,5.186249645218625,9.1,28596.0,False,False
600,166.40952380952382,755.0095238095238,44.362500000000004,7.51558975086544,6.114285714285714,30825.0,False,False
601,167.9248120300752,847.4360902255639,56.1925,8.458517193783473,5.887218045112782,20705.0,False,False
602,169.8875,34.225,67.60000000000001,9.277445403994411,20.03125,79009.0,False,False
603,167.39344262295083,296.9344262295082,51.545,8.101180922147954,18.672131147540984,55085.0,False,False
604,167.2112676056338,482.22535211267603,29.997500000000002,6.180129710871209,18.014084507042252,66032.0,False,False
605,166.15384615384616,930.8974358974359,16.477500000000003,4.5803716659648535,17.153846153846153,30313.0,False,False
606,169.83076923076922,698.0076923076923,54.925000000000004,8.362576277354894,8.992307692307692,29169.0,False,False
607,167.3111111111111,1135.0444444444445,19.012500000000003,4.920108417939312,6.955555555555556,21440.0,False,False
608,173.06796116504853,152.5873786407767,87.03500000000001,10.526937055764364,48.932038834951456,83797.0,True,True
609,171.25882352941176,1113.4470588235295,71.825,9.562971834142516,6.047058823529412,20395.0,False,False
610,170.4375,1207.765625,27.040000000000003,5.867571668896666,6.21875,17202.0,False,False
611,171.37179487179486,626.525641025641,32.955000000000005,6.477623730716943,32.256410256410255,56035.0,False,False
612,171.6216216216216,321.7162162162162,31.265000000000004,6.309345002941657,13.243243243243244,46279.0,False,False
613,171.84761904761905,539.0,44.362500000000004,7.51558975086544,11.361904761904762,45243.0,False,False
614,170.07843137254903,611.7450980392157,21.547500000000003,5.237855390346407,16.745098039215687,68909.0,False,False
615,171.51612903225808,662.9462365591398,39.292500000000004,7.073101498742004,10.494623655913978,34466.0,False,False
616,173.42857142857142,893.4489795918367,62.10750000000001,8.892565716633143,6.761904761904762,21708.0,False,False
617,174.66929133858267,1219.251968503937,53.657500000000006,8.265521814841879,5.173228346456693,17436.0,False,False
618,173.77570093457945,340.01869158878503,45.2075,7.586829161027343,12.242990654205608,46545.0,False,False
619,173.63398692810458,429.16339869281046,64.64250000000001,9.072231658778492,21.45751633986928,58170.0,False,False
620,175.04666666666665,600.0466666666666,63.37500000000001,8.982847886254723,17.0,81105.0,False,False
621,174.5,979.4181818181818,46.475,7.692451354514157,6.9818181818181815,23587.0,False,False
622,172.79710144927537,995.8115942028985,29.152500000000003,6.092463855279885,7.36231884057971,22675.0,False,False
623,174.6328125,1093.015625,54.080000000000005,8.297999432349801,7.5859375,20760.0,False,False
624,174.74736842105264,360.61052631578946,40.1375,7.148751795020415,20.4,63711.0,False,False
625,174.28865979381445,528.8247422680413,40.9825,7.22360987610134,11.731958762886597,48003.0,False,False
626,176.21153846153845,274.85897435897436,65.91000000000001,9.160743331929707,14.294871794871796,73426.0,False,True
627,173.75,303.3888888888889,15.21,4.4006787516724994,24.805555555555557,56230.0,False,False
628,175.09259259259258,768.2222222222222,22.815,5.389708731752834,13.555555555555555,35050.0,False,False
629,175.6694214876033,832.7768595041322,51.1225,8.067911044732915,6.3884297520661155,23973.0,False,False
630,173.78125,1250.640625,27.040000000000003,5.867571668896666,6.59375,13121.0,False,False
631,175.95238095238096,98.98095238095237,44.362500000000004,7.51558975086544,24.98095238095238,81449.0,False,False
632,178.47058823529412,117.14973262032086,79.00750000000001,10.029729474450614,29.058823529411764,74799.0,False,False
633,175.59756097560975,170.17073170731706,34.645,6.641640160935379,18.28048780487805,83725.0,False,False
634,175.66666666666666,253.9047619047619,35.49,6.722147829574334,23.273809523809526,86552.0,False,False
635,175.35,1142.15,33.800000000000004,6.560144557252417,6.275,20461.0,False,False
636,179.7051282051282,61.705128205128204,65.91000000000001,9.160743331929707,39.27564102564103,92894.0,False,False
637,177.53982300884957,193.1504424778761,47.74250000000001,7.796642800880295,20.654867256637168,66129.0,True,False
638,177.8608695652174,871.2695652173913,48.587500000000006,7.8653370162898755,5.6,20376.0,False,False
639,177.72868217054264,1026.6124031007753,54.502500000000005,8.33035043001963,9.503875968992247,27689.0,False,False
640,177.24657534246575,217.3835616438356,30.842500000000005,6.266569289371519,22.28767123287671,79452.0,False,False
641,179.13186813186815,261.6703296703297,38.447500000000005,6.996633290104976,22.89010989010989,84646.0,False,False
642,178.58928571428572,559.1875,47.32000000000001,7.762067717874401,17.178571428571427,66492.0,False,False
643,178.0,569.3627450980392,43.095000000000006,7.407446130776911,47.71568627450981,74685.0,False,False
644,177.45283018867926,1184.1509433962265,22.392500000000002,5.3395708165996005,5.943396226415095,17997.0,False,False
645,178.9298245614035,794.9736842105264,48.165000000000006,7.831065232276457,10.859649122807017,37180.0,False,False
646,179.03333333333333,846.2444444444444,38.025000000000006,6.958084052995808,6.022222222222222,22135.0,False,False
647,183.1868131868132,949.554945054945,76.89500000000001,9.894733689817546,6.824175824175824,34137.0,False,False
648,180.4896551724138,87.8,61.2625,8.831864899857669,21.855172413793102,90476.0,False,False
649,183.97674418604652,295.1860465116279,72.67,9.619060126431496,27.00581395348837,66544.0,True,True
650,179.35922330097088,383.378640776699,43.517500000000005,7.443668577254932,18.601941747572816,72197.0,False,False
651,181.45,464.8722222222222,76.05000000000001,9.840216835878625,17.227777777777778,92296.0,False,False
652,180.90243902439025,521.6260162601626,51.96750000000001,8.134314724734013,15.292682926829269,66292.0,False,False
653,181.27868852459017,932.811475409836,51.545,8.101180922147954,17.221311475409838,34183.0,False,False
654,181.46376811594203,480.6014492753623,58.30500000000001,8.616045012404687,25.492753623188406,109822.0,False,False
655,182.35416666666666,624.7638888888889,60.84,8.801357503344999,26.375,59133.0,False,False
656,180.17985611510792,706.8776978417267,58.727500000000006,8.647206217237697,8.057553956834532,29793.0,False,False
657,183.24183006535947,33.07843137254902,64.64250000000001,9.072231658778492,14.640522875816993,69101.0,False,False
658,180.6315789473684,673.8421052631579,24.082500000000003,5.537399329656889,10.982456140350877,33141.0,False,False
659,182.1891891891892,959.2567567567568,31.265000000000004,6.309345002941657,8.175675675675675,29715.0,False,False
660,182.64285714285714,1059.1632653061224,41.405,7.260749503306075,6.816326530612245,23793.0,False,False
661,181.9278350515464,1116.1649484536083,40.9825,7.22360987610134,6.185567010309279,22305.0,False,False
662,182.61320754716982,1249.122641509434,44.785000000000004,7.5512934660867375,6.60377358490566,13961.0,False,False
663,184.40579710144928,7.690821256038648,87.45750000000001,10.552456940621719,12.63768115942029,43150.0,False,False
664,182.34666666666666,720.7866666666666,31.687500000000004,6.351832654737959,8.093333333333334,28103.0,False,False
665,183.3972602739726,857.7808219178082,30.842500000000005,6.266569289371519,7.863013698630137,21015.0,False,False
666,182.0793650793651,970.984126984127,26.617500000000003,5.8215507884058,7.158730158730159,24892.0,False,False
667,185.24590163934425,143.7295081967213,51.545,8.101180922147954,28.172131147540984,81993.0,False,False
668,181.4848484848485,812.3333333333334,13.9425,4.2133291293785735,10.090909090909092,29670.0,False,False
669,184.09803921568627,1158.9411764705883,43.095000000000006,7.407446130776911,6.0588235294117645,19712.0,False,False
670,186.96875,71.19375,67.60000000000001,9.277445403994411,41.2875,88903.0,True,True
671,186.42335766423358,446.1678832116788,57.88250000000001,8.584770698634475,22.445255474452555,77161.0,False,False
672,185.140625,611.265625,27.040000000000003,5.867571668896666,21.921875,69109.0,False,False
673,183.125,1038.017857142857,23.660000000000004,5.488610719338178,4.821428571428571,26624.0,False,False
674,182.97727272727272,1105.3181818181818,18.590000000000003,4.865133414062422,8.454545454545455,22717.0,False,False
675,182.91176470588235,1257.0588235294117,14.365000000000002,4.276691017611702,5.911764705882353,11045.0,False,False
676,186.0948275862069,208.82758620689654,49.010000000000005,7.8994601136704485,14.198275862068966,72533.0,False,False
677,187.15178571428572,1128.6785714285713,47.32000000000001,7.762067717874401,7.017857142857143,21707.0,False,False
678,187.16260162601625,1237.1463414634147,51.96750000000001,8.134314724734013,5.4227642276422765,17306.0,False,False
679,188.275,246.475,50.7,8.034503402082343,54.36666666666667,84977.0,False,False
680,188.58778625954199,396.0763358778626,55.347500000000004,8.394678415652944,20.778625954198475,75313.0,False,False
681,188.42105263157896,1170.0210526315789,40.1375,7.148751795020415,5.4,19162.0,False,False
682,188.6124031007752,1185.2790697674418,54.502500000000005,8.33035043001963,5.271317829457364,18533.0,False,False
683,186.88235294117646,517.5882352941177,21.547500000000003,5.237855390346407,21.80392156862745,82221.0,False,False
684,191.288,655.064,52.81250000000001,8.200180696565521,9.192,40297.0,False,False
685,188.52747252747253,793.2967032967033,38.447500000000005,6.996633290104976,13.461538461538462,33754.0,False,True
686,188.61666666666667,896.8,25.35,5.681251839078812,7.55,25175.0,False,False
687,188.4,1013.7818181818182,46.475,7.692451354514157,6.8545454545454545,24479.0,False,False
688,187.56962025316454,1196.113924050633,33.377500000000005,6.519014718835807,6.189873417721519,17731.0,False,False
689,188.5204081632653,414.46938775510205,41.405,7.260749503306075,19.479591836734695,78510.0,False,False
690,189.34821428571428,566.9285714285714,47.32000000000001,7.762067717874401,27.410714285714285,75877.0,False,False
691,190.8796992481203,1029.4736842105262,56.1925,8.458517193783473,8.541353383458647,24972.0,False,False
692,189.9375,1207.375,40.56,7.186278309003779,5.59375,17674.0,False,False
693,190.56153846153848,124.13076923076923,54.925000000000004,8.362576277354894,19.661538461538463,73768.0,False,False
694,191.67021276595744,511.9148936170213,39.715,7.1110272478142695,25.425531914893618,100605.0,False,False
695,191.27272727272728,550.3719008264463,51.1225,8.067911044732915,16.231404958677686,65356.0,False,False
696,191.45801526717557,664.5801526717557,55.347500000000004,8.394678415652944,9.969465648854962,38442.0,False,False
697,190.39285714285714,851.202380952381,35.49,6.722147829574334,6.369047619047619,22126.0,False,False
698,190.88888888888889,1069.3333333333333,41.82750000000001,7.297700121093632,6.656565656565657,23474.0,False,False
699,193.4022346368715,1108.4469273743016,75.62750000000001,9.812844830601293,6.815642458100559,25334.0,False,False
700,190.24137931034483,309.2298850574713,36.7575,6.8411331346205175,18.057471264367816,62361.0,True,False
701,189.22448979591837,602.1632653061224,20.7025,5.134125210284583,21.346938775510203,74721.0,False,False
702,193.8551724137931,761.9103448275862,61.2625,8.831864899857669,7.5793103448275865,32601.0,False,False
703,194.9171597633136,906.4023668639053,71.4025,9.534803961957083,8.36094674556213,29672.0,False,False
704,192.74725274725276,83.32967032967034,38.447500000000005,6.996633290104976,32.065934065934066,84715.0,True,False
705,190.9344262295082,530.5409836065573,25.7725,5.728399965669906,15.885245901639344,65894.0,False,False
706,194.68702290076337,1000.5419847328244,55.347500000000004,8.394678415652944,8.229007633587786,24218.0,False,False
707,200.86896551724138,51.46551724137931,122.525,12.490143122425613,17.051724137931036,69637.0,False,False
708,193.3148148148148,156.6851851851852,45.63,7.622199185685551,28.75,77068.0,False,True
709,194.64705882352942,238.31932773109244,50.2775,8.000956268498294,45.73109243697479,82979.0,False,False
710,193.44776119402985,329.1940298507463,56.61500000000001,8.490256581822557,13.522388059701493,49776.0,False,False
711,192.6164383561644,1039.8219178082193,30.842500000000005,6.266569289371519,7.342465753424658,24235.0,False,False
712,196.99465240641712,1058.909090909091,79.00750000000001,10.029729474450614,5.898395721925134,22396.0,False,False
713,193.5,264.3452380952381,35.49,6.722147829574334,20.94047619047619,83600.0,False,False
714,193.3913043478261,173.30434782608697,19.435000000000002,4.974475907261778,23.804347826086957,73515.0,False,False
715,194.5625,363.2875,33.800000000000004,6.560144557252417,19.775,57306.0,False,False
716,196.37593984962405,499.5263157894737,56.1925,8.458517193783473,68.49624060150376,130996.0,True,False
717,196.61764705882354,626.3382352941177,57.46000000000001,8.553382035223404,16.74264705882353,55779.0,False,False
718,196.05333333333334,33.666666666666664,31.687500000000004,6.351832654737959,13.213333333333333,71526.0,False,False
719,198.82530120481928,284.3072289156627,70.135,9.449796583524995,34.674698795180724,70763.0,True,False
720,196.6206896551724,988.0344827586207,61.2625,8.831864899857669,7.662068965517242,26040.0,False,False
721,200.8082901554404,8.279792746113989,81.5425,10.18936384552868,27.979274611398964,52473.0,False,False
722,197.61320754716982,95.15094339622641,44.785000000000004,7.5512934660867375,21.71698113207547,78125.0,False,False
723,195.22988505747125,202.4367816091954,36.7575,6.8411331346205175,18.32183908045977,64174.0,True,False
724,195.85526315789474,412.2368421052632,32.11000000000001,6.394037987175715,25.5,83546.0,False,False
725,195.81578947368422,960.4736842105264,16.055000000000003,4.5212676198963315,7.631578947368421,33138.0,False,False
726,195.9344262295082,1166.4098360655737,25.7725,5.728399965669906,6.39344262295082,20377.0,False,False
727,198.5344827586207,446.1465517241379,49.010000000000005,7.8994601136704485,33.64655172413793,89820.0,False,False
728,202.33451957295372,568.1245551601423,118.72250000000001,12.294803042335424,22.661921708185055,81698.0,False,False
729,198.08333333333334,642.4270833333334,40.56,7.186278309003779,15.21875,46574.0,False,False
730,197.59375,226.046875,27.040000000000003,5.867571668896666,18.984375,79259.0,False,False
731,200.70391061452514,430.25698324022346,75.62750000000001,9.812844830601293,28.23463687150838,86119.0,False,False
732,199.97826086956522,701.1231884057971,58.30500000000001,8.616045012404687,12.36231884057971,46067.0,False,False
733,197.94545454545454,795.8,23.2375,5.439384516724603,10.418181818181818,32832.0,False,False
734,199.12727272727273,832.1090909090909,23.2375,5.439384516724603,9.745454545454546,25851.0,False,False
735,202.72549019607843,120.09803921568627,43.095000000000006,7.407446130776911,19.54901960784314,66357.0,False,False
736,203.47517730496455,260.06382978723406,59.572500000000005,8.709194152086374,24.46099290780142,77830.0,False,False
737,201.991452991453,542.7350427350427,49.432500000000005,7.933436443000028,17.094017094017094,71706.0,False,False
738,201.61764705882354,785.1029411764706,57.46000000000001,8.553382035223404,10.433823529411764,34063.0,False,False
739,201.81,1049.08,42.25000000000001,7.3344645861208315,6.91,22545.0,False,False
740,200.45833333333334,323.9375,40.56,7.186278309003779,18.020833333333332,52001.0,False,False
741,202.009900990099,972.0990099009902,42.67250000000001,7.371045683803026,9.683168316831683,30897.0,False,False
742,202.16071428571428,1081.5892857142858,47.32000000000001,7.762067717874401,7.258928571428571,27449.0,False,False
743,202.25454545454545,1218.8181818181818,23.2375,5.439384516724603,3.8363636363636364,19170.0,False,False
744,200.93617021276594,353.4255319148936,19.8575,5.028255588131782,18.46808510638298,52910.0,False,False
745,207.10294117647058,875.2107843137255,86.19000000000001,10.475710780692815,7.220588235294118,24607.0,False,False
746,202.66666666666666,1135.5555555555557,38.025000000000006,6.958084052995808,11.011111111111111,21562.0,False,False
747,202.6590909090909,157.51136363636363,37.18000000000001,6.880337656921596,20.25,68090.0,False,False
748,203.61052631578949,180.3684210526316,40.1375,7.148751795020415,21.49473684210526,62776.0,False,False
749,202.55357142857142,611.3928571428571,23.660000000000004,5.488610719338178,23.089285714285715,60484.0,False,False
750,204.64406779661016,657.4915254237288,49.855000000000004,7.967267881951225,10.983050847457626,43509.0,False,False
751,203.90217391304347,1019.5434782608696,38.870000000000005,7.034971293747812,6.663043478260869,24813.0,False,False
752,203.74683544303798,412.0126582278481,33.377500000000005,6.519014718835807,28.379746835443036,84442.0,False,False
753,204.2921348314607,599.0898876404494,37.602500000000006,6.919320051920128,13.842696629213483,66650.0,False,False
754,208.27611940298507,272.47014925373134,56.61500000000001,8.490256581822557,24.350746268656717,69959.0,False,False
755,208.71830985915494,534.6760563380282,59.995000000000005,8.740023254338977,20.028169014084508,88711.0,False,False
756,206.5546875,586.5234375,54.080000000000005,8.297999432349801,23.765625,75969.0,False,False
757,207.76543209876544,934.4135802469136,68.44500000000001,9.335249361393526,20.641975308641975,45504.0,False,False
758,208.3312101910828,984.8535031847134,66.33250000000001,9.190057785517194,7.496815286624204,30855.0,False,False
759,206.425,1123.575,50.7,8.034503402082343,7.808333333333334,24230.0,False,False
760,208.5875,475.725,67.60000000000001,9.277445403994411,65.93125,136040.0,True,True
761,206.10227272727272,493.8636363636364,37.18000000000001,6.880337656921596,67.80681818181819,145501.0,False,False
762,208.46902654867256,775.8407079646017,47.74250000000001,7.796642800880295,10.43362831858407,35493.0,False,False
763,205.8490566037736,820.811320754717,22.392500000000002,5.3395708165996005,8.962264150943396,29276.0,False,False
764,207.8045112781955,1161.8195488721803,56.1925,8.458517193783473,5.2481203007518795,21897.0,False,False
765,209.3139534883721,517.9418604651163,36.335,6.801702644040839,42.25581395348837,115886.0,True,False
766,208.39622641509433,552.7452830188679,44.785000000000004,7.5512934660867375,20.80188679245283,77907.0,False,False
767,207.421875,895.484375,27.040000000000003,5.867571668896666,9.46875,27642.0,False,False
768,208.26470588235293,1039.4705882352941,28.730000000000004,6.048154439185661,6.0,23286.0,False,False
769,209.95726495726495,131.12820512820514,49.432500000000005,7.933436443000028,19.00854700854701,59665.0,False,False
770,206.4814814814815,169.88888888888889,11.4075,3.8110995928427753,21.444444444444443,64533.0,False,False
771,209.45263157894738,393.0842105263158,40.1375,7.148751795020415,24.957894736842107,73300.0,False,False
772,210.07438016528926,710.9834710743802,51.1225,8.067911044732915,10.785123966942148,52507.0,False,False
773,208.33576642335765,1209.2992700729926,57.88250000000001,8.584770698634475,5.306569343065694,19801.0,False,False
774,211.46408839779005,77.37016574585635,76.47250000000001,9.867512912824576,22.226519337016576,72668.0,False,False
775,212.36144578313252,114.63855421686748,70.135,9.449796583524995,16.271084337349397,63771.0,False,False
776,208.93333333333334,377.24444444444447,19.012500000000003,4.920108417939312,18.155555555555555,64691.0,True,False
777,210.12345679012347,433.3703703703704,34.222500000000004,6.601018127508749,38.50617283950617,88799.0,False,False
778,211.0,798.5,49.855000000000004,7.967267881951225,11.0,35467.0,False,False
779,210.92805755395685,1026.2158273381294,58.727500000000006,8.647206217237697,8.431654676258994,24911.0,False,False
780,213.6046511627907,1254.7984496124031,54.502500000000005,8.33035043001963,6.937984496124031,12875.0,False,False
781,210.9126984126984,306.8333333333333,53.23500000000001,8.232916079007266,18.38888888888889,59624.0,False,False
782,210.6875,631.75,27.040000000000003,5.867571668896666,13.1875,52137.0,False,False
783,213.0737704918033,61.09836065573771,51.545,8.101180922147954,21.368852459016395,65883.0,False,False
784,213.20945945945945,333.3581081081081,62.53000000000001,8.922761272851007,15.195945945945946,51422.0,False,False
785,212.80327868852459,1008.2131147540983,51.545,8.101180922147954,9.459016393442623,28662.0,False,False
786,213.4496124031008,1102.875968992248,54.502500000000005,8.33035043001963,9.666666666666666,28476.0,False,False
787,214.06153846153848,1231.923076923077,82.3875,10.24202240731137,6.871794871794871,20589.0,False,False
788,215.4921875,610.609375,54.080000000000005,8.297999432349801,18.8984375,58491.0,False,False
789,212.9764705882353,956.6,35.9125,6.762042232218129,9.91764705882353,47334.0,False,False
790,214.54954954954954,289.1261261261261,46.89750000000001,7.727337934192946,18.603603603603602,62524.0,False,False
791,214.9142857142857,442.8,59.150000000000006,8.67825553156191,24.67142857142857,91054.0,False,False
792,213.86885245901638,599.3688524590164,51.545,8.101180922147954,15.860655737704919,64358.0,False,False
793,214.49514563106797,619.1941747572815,43.517500000000005,7.443668577254932,20.514563106796118,54854.0,False,False
794,215.52564102564102,683.5,65.91000000000001,9.160743331929707,21.46794871794872,65452.0,False,False
795,213.90721649484536,808.9381443298969,40.9825,7.22360987610134,9.257731958762887,34684.0,False,False
796,214.8586956521739,509.32608695652175,38.870000000000005,7.034971293747812,45.59782608695652,135756.0,False,False
797,215.3841463414634,650.5914634146342,69.29,9.392697591996637,11.896341463414634,47677.0,False,False
798,215.12745098039215,664.8725490196078,43.095000000000006,7.407446130776911,13.735294117647058,54136.0,False,False
799,217.1341463414634,1038.719512195122,69.29,9.392697591996637,7.963414634146342,23968.0,False,False
800,217.69117647058823,468.06617647058823,57.46000000000001,8.553382035223404,18.904411764705884,122917.0,False,False
801,215.74725274725276,559.5274725274726,38.447500000000005,6.996633290104976,30.76923076923077,86050.0,False,False
802,216.55405405405406,866.081081081081,31.265000000000004,6.309345002941657,9.445945945945946,25935.0,False,False
803,216.1237113402062,919.2164948453608,40.9825,7.22360987610134,13.154639175257731,44292.0,False,False
804,220.48,13.52,95.06250000000001,11.001696879181248,45.52444444444444,59453.0,True,False
805,217.37,382.09,42.25000000000001,7.3344645861208315,17.71,66826.0,False,False
806,218.5,526.6521739130435,58.30500000000001,8.616045012404687,41.80434782608695,104720.0,False,False
807,217.2020202020202,698.1818181818181,41.82750000000001,7.297700121093632,27.67676767676768,65767.0,False,False
808,222.41904761904763,837.8809523809524,88.72500000000001,10.628648954906136,8.80952380952381,30890.0,False,False
809,219.28125,147.4375,67.60000000000001,9.277445403994411,15.175,57941.0,False,False
810,218.8409090909091,266.04545454545456,55.77,8.426658258757147,19.363636363636363,62982.0,False,False
811,218.51020408163265,742.3673469387755,41.405,7.260749503306075,13.26530612244898,39707.0,False,False
812,219.01639344262296,896.5655737704918,51.545,8.101180922147954,9.237704918032787,28981.0,False,False
813,220.125,53.13392857142857,47.32000000000001,7.762067717874401,17.946428571428573,57688.0,False,False
814,218.72058823529412,137.7941176470588,28.730000000000004,6.048154439185661,13.0,55528.0,False,False
815,220.5909090909091,235.1590909090909,55.77,8.426658258757147,19.060606060606062,61733.0,False,False
816,222.35078534031413,160.34031413612564,80.6975,10.136431727253225,14.465968586387435,57599.0,False,False
817,220.3760683760684,179.0854700854701,49.432500000000005,7.933436443000028,20.017094017094017,61335.0,False,False
818,220.33333333333334,208.89247311827958,39.292500000000004,7.073101498742004,16.64516129032258,59045.0,False,False
819,219.80180180180182,248.3783783783784,46.89750000000001,7.727337934192946,19.036036036036037,64335.0,False,False
820,219.76404494382024,638.314606741573,37.602500000000006,6.919320051920128,14.337078651685394,51318.0,False,False
821,227.6079295154185,822.3964757709251,95.90750000000001,11.050485131282139,11.678414096916299,36210.0,False,False
822,218.78666666666666,907.4266666666666,31.687500000000004,6.351832654737959,10.213333333333333,35050.0,False,False
823,219.9375,86.96875,27.040000000000003,5.867571668896666,31.421875,66933.0,False,False
824,221.7058823529412,355.87254901960785,43.095000000000006,7.407446130776911,16.058823529411764,51885.0,False,False
825,223.83597883597884,432.8201058201058,79.8525,10.0832217443615,35.12698412698413,85185.0,False,True
826,222.01960784313727,1126.4575163398692,64.64250000000001,9.072231658778492,5.300653594771242,23204.0,False,False
827,225.39455782312925,488.01360544217687,62.10750000000001,8.892565716633143,48.76190476190476,132691.0,False,False
828,222.5047619047619,765.2857142857143,44.362500000000004,7.51558975086544,10.866666666666667,39618.0,False,False
829,223.2173913043478,794.8782608695652,48.587500000000006,7.8653370162898755,13.208695652173914,40561.0,False,False
830,224.61702127659575,1076.014184397163,59.572500000000005,8.709194152086374,9.50354609929078,29395.0,False,False
831,225.94478527607362,1097.0490797546013,68.8675,9.364017532397558,12.595092024539877,29610.0,False,False
832,223.3921568627451,1164.2745098039215,43.095000000000006,7.407446130776911,7.46078431372549,23059.0,False,False
833,225.08461538461538,322.45384615384614,54.925000000000004,8.362576277354894,16.923076923076923,51980.0,False,False
834,223.0495867768595,419.5702479338843,51.1225,8.067911044732915,24.768595041322314,83818.0,False,False
835,224.96226415094338,452.5207547169811,111.9625,11.93964331659077,25.350943396226416,94976.0,False,False
836,223.888,565.528,52.81250000000001,8.200180696565521,39.536,92048.0,False,False
837,222.8901098901099,582.5824175824176,38.447500000000005,6.996633290104976,23.63736263736264,81971.0,False,False
838,222.4931506849315,724.5753424657535,30.842500000000005,6.266569289371519,13.89041095890411,52359.0,False,False
839,223.5,786.9242424242424,27.885,5.958547197508803,13.651515151515152,40755.0,False,False
840,222.97530864197532,847.5308641975308,34.222500000000004,6.601018127508749,8.222222222222221,30146.0,False,False
841,223.63953488372093,887.046511627907,36.335,6.801702644040839,8.372093023255815,27649.0,False,False
842,224.10714285714286,953.7857142857143,47.32000000000001,7.762067717874401,12.741071428571429,58843.0,False,False
843,221.6153846153846,1108.25,21.970000000000002,5.288957628666685,7.076923076923077,28868.0,False,False
844,224.88571428571427,1147.2928571428572,59.150000000000006,8.67825553156191,6.985714285714286,22769.0,False,False
845,224.43809523809523,296.26666666666665,44.362500000000004,7.51558975086544,13.952380952380953,59940.0,False,False
846,223.98058252427185,306.97087378640776,43.517500000000005,7.443668577254932,15.475728155339805,56072.0,False,False
847,223.7605633802817,593.3943661971831,29.997500000000002,6.180129710871209,20.08450704225352,72732.0,False,False
848,224.93478260869566,626.7282608695652,38.870000000000005,7.034971293747812,15.41304347826087,56380.0,False,False
849,227.42592592592592,62.55555555555556,68.44500000000001,9.335249361393526,15.32716049382716,59856.0,False,False
850,225.126213592233,114.89320388349515,43.517500000000005,7.443668577254932,18.067961165048544,58503.0,False,False
851,230.95867768595042,258.59090909090907,102.245,11.409749219480977,17.475206611570247,54294.0,False,False
852,223.66666666666666,507.6984126984127,26.617500000000003,5.8215507884058,51.95238095238095,135171.0,True,False
853,224.55555555555554,1014.3444444444444,38.025000000000006,6.958084052995808,9.577777777777778,30165.0,False,False
854,227.67251461988303,200.92397660818713,72.2475,9.591056980763573,14.596491228070175,63925.0,False,False
855,230.50597609561754,216.60557768924303,106.04750000000001,11.619977221161072,16.44223107569721,58445.0,False,False
856,228.27118644067798,169.1271186440678,49.855000000000004,7.967267881951225,20.39830508474576,60575.0,False,False
857,229.50694444444446,514.3125,60.84,8.801357503344999,61.53472222222222,124267.0,True,False
858,228.57758620689654,600.1637931034483,49.010000000000005,7.8994601136704485,19.79310344827586,68568.0,False,False
859,224.296875,683.8125,27.040000000000003,5.867571668896666,33.328125,71322.0,False,False
860,227.009900990099,755.3762376237623,42.67250000000001,7.371045683803026,13.287128712871286,42348.0,False,False
861,227.74117647058824,99.37647058823529,35.9125,6.762042232218129,23.6,61837.0,False,False
862,229.7642857142857,477.87857142857143,59.150000000000006,8.67825553156191,38.57857142857143,112147.0,False,False
863,227.32075471698113,633.9056603773585,22.392500000000002,5.3395708165996005,16.39622641509434,55717.0,False,False
864,227.86,921.89,42.25000000000001,7.3344645861208315,14.26,50120.0,False,False
865,229.0900900900901,42.090090090090094,46.89750000000001,7.727337934192946,13.873873873873874,64545.0,False,False
866,232.42929292929293,245.17676767676767,83.65500000000002,10.320506485382394,15.61111111111111,55103.0,False,False
867,230.59876543209876,277.4382716049383,68.44500000000001,9.335249361393526,16.746913580246915,56208.0,False,False
868,231.06802721088437,544.9115646258504,62.10750000000001,8.892565716633143,29.34013605442177,109473.0,False,False
869,231.390243902439,131.7479674796748,51.96750000000001,8.134314724734013,15.731707317073171,52930.0,False,False
870,231.24561403508773,524.9035087719299,48.165000000000006,7.831065232276457,59.62280701754386,114567.0,False,False
871,229.12765957446808,689.9148936170212,19.8575,5.028255588131782,56.0,74044.0,True,True
872,230.3132530120482,891.1686746987951,35.0675,6.682015245043993,8.19277108433735,29180.0,False,False
873,231.52032520325204,233.27642276422765,51.96750000000001,8.134314724734013,16.317073170731707,55536.0,False,False
874,230.32558139534885,410.80232558139534,36.335,6.801702644040839,20.569767441860463,80215.0,False,False
875,233.43624161073825,698.2348993288591,62.95250000000001,8.952854988211321,51.08724832214765,74213.0,True,True
876,231.91964285714286,776.3303571428571,47.32000000000001,7.762067717874401,13.544642857142858,46486.0,False,False
877,230.7125,1005.6625,33.800000000000004,6.560144557252417,11.45,32613.0,False,False
878,231.9913043478261,1169.3739130434783,48.587500000000006,7.8653370162898755,10.095652173913043,23701.0,False,True
879,232.74789915966386,29.571428571428573,50.2775,8.000956268498294,14.3109243697479,69910.0,False,False
880,234.84328358208955,765.8880597014926,56.61500000000001,8.490256581822557,11.940298507462687,47801.0,False,False
881,232.7,1043.7727272727273,46.475,7.692451354514157,8.672727272727272,25098.0,False,False
882,234.46728971962617,1192.7570093457944,90.415,10.72939669493256,6.97196261682243,28026.0,False,False
883,233.22857142857143,715.5904761904762,44.362500000000004,7.51558975086544,19.952380952380953,69049.0,False,False
884,232.5,725.1888888888889,38.025000000000006,6.958084052995808,12.155555555555555,61062.0,False,False
885,235.49659863945578,1239.0204081632653,62.10750000000001,8.892565716633143,8.27891156462585,23638.0,False,False
886,235.28099173553719,51.289256198347104,51.1225,8.067911044732915,16.90082644628099,59636.0,False,False
887,234.96732026143792,437.66013071895424,64.64250000000001,9.072231658778492,25.41176470588235,76883.0,False,False
888,235.3661971830986,617.0915492957746,59.995000000000005,8.740023254338977,23.112676056338028,66250.0,False,False
889,232.5625,648.25,20.28,5.081466123790367,22.0625,54726.0,False,False
890,234.88888888888889,425.3888888888889,30.42,6.223499574262349,24.333333333333332,79687.0,False,False
891,235.0,493.18390804597703,36.7575,6.8411331346205175,28.25287356321839,123528.0,False,False
892,236.0503597122302,557.0143884892086,58.727500000000006,8.647206217237697,46.18705035971223,104926.0,False,False
893,236.8211382113821,606.4227642276422,51.96750000000001,8.134314724734013,20.008130081300813,70281.0,False,False
894,236.41353383458647,962.2631578947369,56.1925,8.458517193783473,16.7593984962406,58165.0,False,False
895,235.2375,391.4125,33.800000000000004,6.560144557252417,19.275,69584.0,False,False
896,235.91304347826087,1000.0579710144928,29.152500000000003,6.092463855279885,14.666666666666666,34370.0,False,True
897,234.59459459459458,91.35135135135135,15.632500000000002,4.4613806364255035,15.513513513513514,58982.0,False,False
898,237.9181818181818,176.9090909090909,46.475,7.692451354514157,20.78181818181818,75166.0,False,False
899,236.9,403.96,42.25000000000001,7.3344645861208315,18.4,75703.0,False,False
900,238.35828877005346,463.6631016042781,79.00750000000001,10.029729474450614,22.524064171122994,83812.0,False,False
901,239.71875,572.7625,67.60000000000001,9.277445403994411,41.86875,97689.0,False,False
902,241.38235294117646,590.3382352941177,86.19000000000001,10.475710780692815,23.034313725490197,85962.0,False,False
903,236.08064516129033,630.2258064516129,26.195000000000004,5.775163190277621,17.741935483870968,65863.0,False,False
904,237.65686274509804,895.7647058823529,43.095000000000006,7.407446130776911,6.696078431372549,31544.0,False,False
905,238.73381294964028,1125.5755395683452,58.727500000000006,8.647206217237697,6.9352517985611515,23272.0,False,False
906,238.1264367816092,1138.9540229885058,36.7575,6.8411331346205175,7.0344827586206895,22636.0,False,False
907,240.63576158940398,981.5033112582781,63.79750000000001,9.01274097349089,12.960264900662251,43327.0,False,False
908,238.77631578947367,118.35526315789474,32.11000000000001,6.394037987175715,15.578947368421053,53038.0,False,False
909,239.72413793103448,361.5344827586207,49.010000000000005,7.8994601136704485,14.163793103448276,53267.0,False,False
910,238.8910891089109,745.3069306930693,42.67250000000001,7.371045683803026,13.663366336633663,51759.0,False,False
911,239.35087719298247,787.8245614035088,48.165000000000006,7.831065232276457,15.385964912280702,53275.0,False,False
912,239.97590361445782,903.8915662650602,35.0675,6.682015245043993,10.120481927710843,34884.0,False,False
913,238.4494382022472,921.9775280898876,37.602500000000006,6.919320051920128,16.584269662921347,55622.0,False,False
914,241.96319018404907,225.920245398773,68.8675,9.364017532397558,19.263803680981596,57684.0,False,False
915,242.73,449.335,84.50000000000001,10.37249929043725,24.155,74053.0,False,False
916,239.67948717948718,1034.923076923077,32.955000000000005,6.477623730716943,7.589743589743589,26759.0,False,False
917,243.02906976744185,477.5,72.67,9.619060126431496,33.69186046511628,90847.0,False,False
918,240.93650793650792,61.6031746031746,26.617500000000003,5.8215507884058,15.365079365079366,60213.0,False,False
919,241.13333333333333,194.48,31.687500000000004,6.351832654737959,22.64,79978.0,False,False
920,245.55760368663596,277.1889400921659,91.6825,10.804341005363613,14.40552995391705,50019.0,False,False
921,241.89814814814815,1064.962962962963,45.63,7.622199185685551,8.61111111111111,26854.0,False,False
922,244.13333333333333,27.896296296296295,57.03750000000001,8.521877758618217,15.844444444444445,60272.0,False,False
923,243.6909090909091,634.6090909090909,46.475,7.692451354514157,19.245454545454546,81101.0,False,False
924,243.73170731707316,1016.3577235772358,51.96750000000001,8.134314724734013,8.146341463414634,32109.0,False,False
925,241.87272727272727,1116.0363636363636,23.2375,5.439384516724603,8.072727272727272,24345.0,False,False
926,245.95070422535213,213.14788732394365,59.995000000000005,8.740023254338977,19.366197183098592,69188.0,False,False
927,242.95652173913044,876.1014492753624,29.152500000000003,6.092463855279885,10.855072463768115,30793.0,False,False
928,243.21818181818182,1027.6363636363637,23.2375,5.439384516724603,8.454545454545455,28742.0,False,False
929,244.5897435897436,393.3205128205128,32.955000000000005,6.477623730716943,20.025641025641026,67316.0,False,False
930,245.79746835443038,781.7341772151899,33.377500000000005,6.519014718835807,17.810126582278482,62195.0,False,False
931,246.59166666666667,1039.8416666666667,50.7,8.034503402082343,10.366666666666667,26928.0,False,False
932,246.4308943089431,1170.7073170731708,51.96750000000001,8.134314724734013,7.813008130081301,26706.0,False,False
933,245.01333333333332,17.866666666666667,31.687500000000004,6.351832654737959,18.666666666666668,51282.0,False,False
934,250.97938144329896,264.07216494845363,122.94750000000002,12.511659319463842,15.594501718213058,48887.0,False,False
935,247.192,290.048,52.81250000000001,8.200180696565521,16.792,48922.0,False,False
936,244.77777777777777,661.5656565656566,41.82750000000001,7.297700121093632,19.414141414141415,67188.0,False,False
937,246.41333333333333,861.6266666666667,31.687500000000004,6.351832654737959,10.533333333333333,33702.0,False,False
938,244.88095238095238,937.4047619047619,35.49,6.722147829574334,28.416666666666668,66937.0,False,False
939,247.97894736842105,989.3894736842105,40.1375,7.148751795020415,9.905263157894737,38298.0,False,False
940,246.66153846153847,187.55384615384617,27.462500000000002,5.913234393907399,40.15384615384615,96576.0,True,False
941,248.02857142857144,352.0285714285714,59.150000000000006,8.67825553156191,14.835714285714285,49784.0,False,False
942,246.81666666666666,561.5833333333334,50.7,8.034503402082343,45.708333333333336,103435.0,False,False
943,246.92929292929293,952.060606060606,41.82750000000001,7.297700121093632,49.63636363636363,63522.0,True,False
944,248.4214876033058,1081.0743801652893,51.1225,8.067911044732915,8.214876033057852,28250.0,False,False
945,247.38636363636363,1221.030303030303,55.77,8.426658258757147,14.575757575757576,33506.0,False,False
946,247.4191176470588,1247.2426470588234,57.46000000000001,8.553382035223404,8.110294117647058,19940.0,False,False
947,248.984,525.152,52.81250000000001,8.200180696565521,32.504,116542.0,False,False
948,247.40243902439025,535.5,34.645,6.641640160935379,29.146341463414632,115765.0,False,False
949,248.2173913043478,546.1217391304348,48.587500000000006,7.8653370162898755,33.678260869565214,108039.0,False,False
950,247.3230769230769,685.4307692307692,27.462500000000002,5.913234393907399,18.892307692307693,79757.0,False,False
951,249.01769911504425,1111.2654867256638,47.74250000000001,7.796642800880295,7.982300884955753,25375.0,False,False
952,249.41148325358853,1205.9473684210527,88.30250000000001,10.603312449370561,15.679425837320574,37047.0,False,False
953,249.98425196850394,56.503937007874015,53.657500000000006,8.265521814841879,15.692913385826772,55487.0,False,False
954,248.4875,127.2375,33.800000000000004,6.560144557252417,15.4,50190.0,False,False
955,250.13286713286712,171.48951048951048,60.417500000000004,8.770743993187619,19.874125874125873,102218.0,False,False
956,249.84615384615384,200.31623931623932,49.432500000000005,7.933436443000028,26.307692307692307,90391.0,False,False
957,250.26347305389223,512.0059880239521,70.5575,9.47821708854842,44.293413173652695,112181.0,False,False
958,248.96774193548387,8.564516129032258,26.195000000000004,5.775163190277621,14.35483870967742,36012.0,False,False
959,252.10714285714286,422.86309523809524,70.98,9.506552628860888,19.178571428571427,70555.0,False,False
960,250.73529411764707,842.9313725490196,43.095000000000006,7.407446130776911,11.96078431372549,40060.0,False,False
961,250.0952380952381,881.8452380952381,35.49,6.722147829574334,8.952380952380953,32074.0,False,False
962,251.4,1057.504,52.81250000000001,8.200180696565521,8.536,26805.0,False,False
963,251.00671140939596,1143.5973154362416,62.95250000000001,8.952854988211321,6.953020134228188,23881.0,False,False
964,253.0076923076923,74.33076923076923,54.925000000000004,8.362576277354894,13.407692307692308,53731.0,False,False
965,252.67153284671534,249.56934306569343,57.88250000000001,8.584770698634475,17.48175182481752,51622.0,False,False
966,251.5873015873016,654.6428571428571,53.23500000000001,8.232916079007266,19.23015873015873,77286.0,False,False
967,251.5483870967742,827.7177419354839,52.39000000000001,8.167314108608483,11.556451612903226,47267.0,False,False
968,253.04347826086956,905.0347826086957,48.587500000000006,7.8653370162898755,10.860869565217392,42298.0,False,False
969,250.87951807228916,914.4939759036145,35.0675,6.682015245043993,9.843373493975903,51666.0,False,False
970,252.19130434782608,410.5217391304348,48.587500000000006,7.8653370162898755,21.043478260869566,70892.0,True,False
971,254.48979591836735,609.2108843537414,62.10750000000001,8.892565716633143,22.91156462585034,97620.0,False,False
972,254.07894736842104,321.2631578947368,48.165000000000006,7.831065232276457,12.491228070175438,48127.0,False,False
973,254.97972972972974,471.1554054054054,62.53000000000001,8.922761272851007,22.75,76663.0,False,False
974,257.828125,586.46875,81.12,10.162932247580734,37.828125,89002.0,False,True
975,255.659793814433,598.3814432989691,40.9825,7.22360987610134,19.567010309278352,94670.0,False,False
976,254.55454545454546,1070.509090909091,46.475,7.692451354514157,8.518181818181818,28225.0,False,False
977,255.0990990990991,158.17117117117118,46.89750000000001,7.727337934192946,19.144144144144143,85874.0,False,False
978,258.0046511627907,434.7581395348837,90.8375,10.754436161179271,21.986046511627908,70418.0,False,False
979,254.61702127659575,666.6914893617021,39.715,7.1110272478142695,21.71276595744681,70404.0,False,False
980,254.6578947368421,687.4868421052631,32.11000000000001,6.394037987175715,21.5,78060.0,False,False
981,255.72881355932202,860.1779661016949,49.855000000000004,7.967267881951225,13.110169491525424,38170.0,False,False
982,256.19354838709677,105.29032258064517,39.292500000000004,7.073101498742004,13.913978494623656,47706.0,False,False
983,256.78350515463916,484.1958762886598,40.9825,7.22360987610134,24.690721649484537,85292.0,False,False
984,257.5390625,641.78125,54.080000000000005,8.297999432349801,21.9765625,100368.0,False,False
985,258.5972850678733,1012.0678733031674,93.3725,10.903465476204527,10.665158371040723,33723.0,False,False
986,258.9259259259259,1175.2777777777778,45.63,7.622199185685551,8.24074074074074,35094.0,False,False
987,258.9074074074074,493.94444444444446,45.63,7.622199185685551,29.212962962962962,91987.0,False,False
988,258.5816326530612,744.7142857142857,41.405,7.260749503306075,18.20408163265306,85939.0,False,False
989,258.87610619469024,921.8495575221239,47.74250000000001,7.796642800880295,14.336283185840708,67108.0,False,False
990,258.6605504587156,1195.6880733944954,46.0525,7.6574058357851245,12.412844036697248,43862.0,False,False
991,260.6,50.30714285714286,59.150000000000006,8.67825553156191,40.97142857142857,53468.0,True,True
992,258.52,134.88,31.687500000000004,6.351832654737959,15.413333333333334,51449.0,False,False
993,258.2323232323232,145.15151515151516,41.82750000000001,7.297700121093632,13.727272727272727,60866.0,False,False
994,261.2848837209302,336.4186046511628,72.67,9.619060126431496,14.738372093023257,46648.0,False,False
995,256.2142857142857,398.5,11.830000000000002,3.8810338589372004,26.535714285714285,66415.0,True,False
996,259.01526717557255,449.46564885496184,55.347500000000004,8.394678415652944,22.14503816793893,70279.0,False,False
997,259.92857142857144,681.1309523809524,35.49,6.722147829574334,23.297619047619047,72643.0,True,False
998,261.3,813.0785714285714,59.150000000000006,8.67825553156191,12.82857142857143,67350.0,False,False
999,260.0875,1240.9,67.60000000000001,9.277445403994411,8.0875,26649.0,False,False
1000,260.49640287769785,35.884892086330936,58.727500000000006,8.647206217237697,19.302158273381295,53907.0,False,False
1001,263.25925925925924,181.70833333333334,91.26,10.779417463505668,81.04166666666667,115194.0,True,False
1002,260.45859872611464,283.0828025477707,66.33250000000001,9.190057785517194,15.254777070063694,46518.0,False,False
1003,261.1311475409836,537.0081967213115,51.545,8.101180922147954,28.049180327868854,97652.0,False,False
1004,260.29906542056074,891.7943925233645,45.2075,7.586829161027343,11.242990654205608,38749.0,False,False
1005,260.9186991869919,1082.1951219512196,51.96750000000001,8.134314724734013,7.926829268292683,28558.0,False,False
1006,260.66101694915255,1160.550847457627,49.855000000000004,7.967267881951225,6.983050847457627,27657.0,False,False
1007,261.87,554.64,42.25000000000001,7.3344645861208315,30.47,95467.0,False,False
1008,261.7593984962406,565.7669172932331,56.1925,8.458517193783473,27.669172932330827,96738.0,False,False
1009,263.6823529411765,652.4294117647058,71.825,9.562971834142516,25.258823529411764,91750.0,False,False
1010,260.65263157894736,787.1263157894737,40.1375,7.148751795020415,22.2,81237.0,False,True
1011,263.35714285714283,239.67857142857142,59.150000000000006,8.67825553156191,16.15714285714286,52861.0,False,False
1012,261.2758620689655,311.13793103448273,36.7575,6.8411331346205175,16.64367816091954,46398.0,False,False
1013,264.67857142857144,623.515873015873,106.47000000000001,11.6431015768116,68.20238095238095,108585.0,True,False
1014,263.07758620689657,718.6206896551724,49.010000000000005,7.8994601136704485,40.41379310344828,88984.0,False,False
1015,262.0,997.7155963302753,46.0525,7.6574058357851245,9.660550458715596,37263.0,False,False
1016,262.3707865168539,1217.808988764045,37.602500000000006,6.919320051920128,21.39325842696629,38923.0,True,True
1017,260.825,409.775,16.900000000000002,4.638722701997206,28.9,69777.0,True,False
1018,264.6625,512.125,67.60000000000001,9.277445403994411,45.15625,92923.0,True,True
1019,266.4508670520231,14.358381502890174,73.0925,9.646981985240508,11.855491329479769,36184.0,False,False
1020,262.4561403508772,24.63157894736842,24.082500000000003,5.537399329656889,15.473684210526315,50117.0,False,False
1021,264.6320754716981,221.81132075471697,44.785000000000004,7.5512934660867375,24.858490566037737,63103.0,False,False
1022,263.43617021276594,390.1595744680851,39.715,7.1110272478142695,31.75531914893617,65803.0,True,True
1023,264.88659793814435,702.6288659793814,40.9825,7.22360987610134,19.52577319587629,85506.0,False,False
1024,267.59420289855075,961.1594202898551,87.45750000000001,10.552456940621719,14.004830917874395,59704.0,False,False
1025,263.51162790697674,1046.639534883721,36.335,6.801702644040839,9.093023255813954,31265.0,False,False
1026,266.56410256410254,83.23931623931624,49.432500000000005,7.933436443000028,10.333333333333334,46706.0,False,False
1027,266.0,158.3409090909091,55.77,8.426658258757147,28.954545454545453,95075.0,False,False
1028,267.675,375.98125,67.60000000000001,9.277445403994411,14.0625,59879.0,False,False
1029,269.0472440944882,873.8976377952756,53.657500000000006,8.265521814841879,8.913385826771654,47405.0,False,False
1030,267.6896551724138,911.9741379310345,49.010000000000005,7.8994601136704485,15.724137931034482,65850.0,False,False
1031,265.88990825688074,973.4128440366973,46.0525,7.6574058357851245,12.458715596330276,46824.0,False,False
1032,268.58878504672896,3.7383177570093458,45.2075,7.586829161027343,11.25233644859813,25004.0,False,False
1033,266.94029850746267,297.05970149253733,28.307500000000005,6.003518003020447,15.35820895522388,44590.0,False,False
1034,267.319587628866,417.1546391752577,40.9825,7.22360987610134,28.051546391752577,70549.0,True,False
1035,268.9718309859155,443.4788732394366,59.995000000000005,8.740023254338977,24.866197183098592,69576.0,False,False
1036,269.0811965811966,459.78205128205127,98.86500000000001,11.219573413915606,21.081196581196583,68234.0,False,False
1037,268.13475177304963,580.1843971631206,59.572500000000005,8.709194152086374,31.45390070921986,85472.0,False,False
1038,268.51020408163265,602.734693877551,62.10750000000001,8.892565716633143,22.122448979591837,102985.0,False,False
1039,267.80582524271847,750.0873786407767,43.517500000000005,7.443668577254932,17.271844660194176,96805.0,False,False
1040,267.15686274509807,884.3921568627451,43.095000000000006,7.407446130776911,9.22549019607843,45346.0,False,False
1041,268.1121495327103,1089.5700934579438,45.2075,7.586829161027343,8.626168224299066,28109.0,False,False
1042,267.9,1112.6090909090908,46.475,7.692451354514157,6.427272727272728,26240.0,False,False
1043,269.12857142857143,102.02142857142857,59.150000000000006,8.67825553156191,12.057142857142857,42709.0,False,False
1044,267.3220338983051,364.8135593220339,24.927500000000002,5.633709146857493,16.64406779661017,55388.0,False,False
1045,267.9263157894737,545.6736842105263,40.1375,7.148751795020415,30.305263157894736,86901.0,False,False
1046,271.70625,67.56875,67.60000000000001,9.277445403994411,14.99375,50575.0,False,False
1047,269.88775510204084,404.9795918367347,41.405,7.260749503306075,16.724489795918366,69429.0,True,False
1048,269.2395833333333,683.6666666666666,40.56,7.186278309003779,17.791666666666668,69265.0,True,False
1049,269.5,944.8518518518518,45.63,7.622199185685551,20.546296296296298,75821.0,False,False
1050,266.73333333333335,1184.8222222222223,19.012500000000003,4.920108417939312,10.311111111111112,44010.0,False,False
1051,269.3170731707317,198.58536585365854,34.645,6.641640160935379,39.170731707317074,109353.0,True,False
1052,270.9016393442623,495.0983606557377,51.545,8.101180922147954,19.60655737704918,84269.0,False,False
1053,269.8095238095238,637.4761904761905,44.362500000000004,7.51558975086544,71.0,108982.0,False,False
1054,271.91525423728814,776.5508474576271,49.855000000000004,7.967267881951225,31.847457627118644,91089.0,False,False
1055,269.5853658536585,691.2439024390244,17.3225,4.696348795998318,24.146341463414632,74463.0,True,False
1056,268.9791666666667,729.7083333333334,20.28,5.081466123790367,57.416666666666664,96575.0,True,False
1057,270.42105263157896,1227.7368421052631,24.082500000000003,5.537399329656889,9.543859649122806,36509.0,False,False
1058,271.0,129.79365079365078,26.617500000000003,5.8215507884058,12.317460317460318,45569.0,False,False
1059,271.3152173913044,311.89130434782606,38.870000000000005,7.034971293747812,13.184782608695652,43279.0,False,False
1060,271.45535714285717,566.5267857142857,47.32000000000001,7.762067717874401,22.0625,88240.0,False,False
1061,271.7014925373134,988.276119402985,56.61500000000001,8.490256581822557,10.58955223880597,40947.0,False,False
1062,273.546218487395,229.36974789915968,50.2775,8.000956268498294,15.739495798319327,54582.0,False,False
1063,274.3482142857143,505.14285714285717,47.32000000000001,7.762067717874401,21.267857142857142,84007.0,False,False
1064,272.57142857142856,555.1836734693877,41.405,7.260749503306075,27.714285714285715,83598.0,False,False
1065,273.6371681415929,827.1150442477876,47.74250000000001,7.796642800880295,16.41592920353982,62640.0,False,False
1066,272.3939393939394,1142.6363636363637,41.82750000000001,7.297700121093632,8.16161616161616,25466.0,False,False
1067,273.9830508474576,525.271186440678,49.855000000000004,7.967267881951225,29.35593220338983,87314.0,False,False
1068,273.7294117647059,761.0941176470589,35.9125,6.762042232218129,27.070588235294117,91674.0,False,False
1069,273.6829268292683,803.6341463414634,34.645,6.641640160935379,59.292682926829265,81067.0,False,False
1070,275.4782608695652,816.8782608695652,48.587500000000006,7.8653370162898755,19.721739130434784,73509.0,False,False
1071,274.1272727272727,896.209090909091,46.475,7.692451354514157,16.3,58617.0,False,False
1072,275.2181818181818,1257.2181818181818,23.2375,5.439384516724603,8.436363636363636,15594.0,False,False
1073,275.364406779661,351.6525423728813,49.855000000000004,7.967267881951225,15.347457627118644,46800.0,False,False
1074,274.36,360.44,21.125000000000004,5.186249645218625,14.26,51586.0,False,False
1075,276.35849056603774,1082.066037735849,44.785000000000004,7.5512934660867375,9.320754716981131,30161.0,False,False
1076,276.4351145038168,1119.5419847328244,55.347500000000004,8.394678415652944,7.33587786259542,26426.0,False,False
1077,277.4188034188034,182.7094017094017,49.432500000000005,7.933436443000028,102.16239316239316,113170.0,True,False
1078,275.6102941176471,279.72058823529414,57.46000000000001,8.553382035223404,13.669117647058824,43850.0,False,False
1079,276.47,594.56,42.25000000000001,7.3344645861208315,34.68,88099.0,False,False
1080,278.57861635220127,1023.0188679245283,67.17750000000001,9.24840794496255,9.477987421383649,39164.0,False,False
1081,276.7931034482759,1219.3275862068965,49.010000000000005,7.8994601136704485,11.336206896551724,42221.0,False,False
1082,276.4594594594595,726.4234234234234,46.89750000000001,7.727337934192946,64.26126126126127,98840.0,True,False
1083,277.75396825396825,1043.2857142857142,53.23500000000001,8.232916079007266,9.420634920634921,36991.0,False,False
1084,276.6931818181818,1060.0681818181818,37.18000000000001,6.880337656921596,11.545454545454545,34845.0,False,False
1085,279.2248062015504,208.5581395348837,54.502500000000005,8.33035043001963,20.45736434108527,84367.0,False,False
1086,280.24675324675326,573.5844155844156,65.06500000000001,9.101831188183693,24.18831168831169,78040.0,False,False
1087,279.9470588235294,623.2117647058824,71.825,9.562971834142516,61.93529411764706,117024.0,True,True
1088,278.75531914893617,634.2340425531914,39.715,7.1110272478142695,88.26595744680851,116481.0,True,True
1089,278.4177215189873,859.873417721519,33.377500000000005,6.519014718835807,20.29113924050633,59101.0,False,False
1090,279.2330097087379,295.5242718446602,43.517500000000005,7.443668577254932,12.640776699029127,42020.0,False,False
1091,279.0098039215686,394.5,43.095000000000006,7.407446130776911,21.058823529411764,67710.0,False,False
1092,278.5068493150685,886.5342465753424,30.842500000000005,6.266569289371519,15.73972602739726,62382.0,False,False
1093,278.71264367816093,911.7586206896551,36.7575,6.8411331346205175,23.896551724137932,81329.0,False,False
1094,279.8837209302326,998.1007751937984,54.502500000000005,8.33035043001963,15.356589147286822,40491.0,False,False
1095,277.85074626865674,1161.1044776119404,28.307500000000005,6.003518003020447,8.417910447761194,34201.0,False,False
1096,279.8046875,1244.8984375,54.080000000000005,8.297999432349801,8.8828125,23968.0,False,False
1097,279.1388888888889,220.875,30.42,6.223499574262349,13.98611111111111,57327.0,False,False
1098,281.741935483871,455.13824884792626,91.6825,10.804341005363613,20.986175115207374,68987.0,False,False
1099,281.89032258064515,493.01935483870966,65.48750000000001,9.131334770220834,23.070967741935483,73725.0,False,False
1100,281.725,512.6916666666667,50.7,8.034503402082343,24.45,79391.0,False,False
1101,279.6354166666667,703.6145833333334,40.56,7.186278309003779,16.1875,89155.0,False,False
1102,279.9366197183099,955.1197183098592,59.995000000000005,8.740023254338977,15.415492957746478,65394.0,False,False
1103,281.40944881889766,983.9606299212599,53.657500000000006,8.265521814841879,12.992125984251969,44116.0,False,False
1104,280.55,1151.15,50.7,8.034503402082343,8.2,28962.0,False,False
1105,283.2692307692308,435.5833333333333,65.91000000000001,9.160743331929707,20.006410256410255,72109.0,False,False
1106,280.92233009708735,537.0582524271845,43.517500000000005,7.443668577254932,19.339805825242717,77584.0,False,False
1107,281.56198347107437,553.6611570247934,51.1225,8.067911044732915,21.454545454545453,73225.0,False,False
1108,281.6601941747573,585.0097087378641,43.517500000000005,7.443668577254932,27.50485436893204,76312.0,False,False
1109,282.60305343511453,718.0305343511451,55.347500000000004,8.394678415652944,44.11450381679389,97406.0,False,False
1110,282.008,1170.376,52.81250000000001,8.200180696565521,10.92,41017.0,False,False
1111,280.537037037037,137.05555555555554,22.815,5.389708731752834,15.37037037037037,48040.0,False,False
1112,282.53333333333336,335.0962962962963,57.03750000000001,8.521877758618217,13.703703703703704,43714.0,False,False
1113,281.9684210526316,658.5684210526316,40.1375,7.148751795020415,20.50526315789474,92389.0,False,False
1114,282.3185840707965,837.4247787610619,47.74250000000001,7.796642800880295,16.398230088495577,64888.0,False,False
1115,283.3732394366197,1189.1338028169014,59.995000000000005,8.740023254338977,33.901408450704224,47904.0,False,False
1116,283.42105263157896,41.79824561403509,48.165000000000006,7.831065232276457,12.25438596491228,47588.0,False,False
1117,283.56190476190477,369.6,44.362500000000004,7.51558975086544,16.485714285714284,56352.0,False,False
1118,283.9256756756757,969.1554054054054,62.53000000000001,8.922761272851007,16.804054054054053,47912.0,False,False
1119,283.3888888888889,114.97222222222223,45.63,7.622199185685551,9.907407407407407,39151.0,False,False
1120,284.95714285714286,523.9571428571429,59.150000000000006,8.67825553156191,20.17142857142857,74436.0,False,False
1121,286.1201923076923,606.9278846153846,87.88000000000001,10.57791525733337,23.048076923076923,104594.0,False,False
1122,288.1066666666667,641.6133333333333,63.37500000000001,8.982847886254723,24.34,116007.0,False,False
1123,284.8805970149254,792.4701492537314,56.61500000000001,8.490256581822557,33.38059701492537,90787.0,False,False
1124,286.0813953488372,822.4418604651163,72.67,9.619060126431496,20.197674418604652,74407.0,False,False
1125,289.7243816254417,1107.3356890459363,119.56750000000001,12.338479212006703,9.017667844522968,29356.0,False,False
1126,283.6666666666667,23.816666666666666,25.35,5.681251839078812,12.683333333333334,40899.0,False,False
1127,284.88607594936707,79.16455696202532,33.377500000000005,6.519014718835807,15.860759493670885,41023.0,False,True
1128,285.94117647058823,231.43790849673204,64.64250000000001,9.072231658778492,12.392156862745098,48241.0,False,False
1129,284.99107142857144,316.625,47.32000000000001,7.762067717874401,13.589285714285714,41408.0,False,False
1130,285.2843137254902,902.3823529411765,43.095000000000006,7.407446130776911,22.862745098039216,84742.0,False,False
1131,289.6334841628959,1050.1764705882354,93.3725,10.903465476204527,18.787330316742082,39789.0,False,True
1132,287.56880733944956,707.5045871559633,46.0525,7.6574058357851245,19.495412844036696,92799.0,False,False
1133,286.30526315789473,891.6105263157895,40.1375,7.148751795020415,31.50526315789474,76798.0,False,False
1134,286.74074074074076,927.6481481481482,45.63,7.622199185685551,51.2962962962963,87253.0,True,False
1135,286.3262411347518,1010.8723404255319,59.572500000000005,8.709194152086374,16.893617021276597,40909.0,False,False
1136,285.66,143.26,21.125000000000004,5.186249645218625,13.24,52445.0,False,False
1137,286.4166666666667,166.0,25.35,5.681251839078812,20.5,95623.0,False,False
1138,289.10196078431375,873.2392156862745,107.73750000000001,11.712200709128265,16.72156862745098,81725.0,False,False
1139,286.54545454545456,1036.8977272727273,37.18000000000001,6.880337656921596,18.545454545454547,40957.0,False,False
1140,287.4855072463768,1074.7536231884058,58.30500000000001,8.616045012404687,12.789855072463768,35146.0,False,False
1141,287.83516483516485,389.3296703296703,38.447500000000005,6.996633290104976,22.64835164835165,63309.0,False,False
1142,289.9265536723164,1090.2711864406779,74.78250000000001,9.75787047742269,9.598870056497175,31481.0,False,False
1143,288.19444444444446,1238.2083333333333,30.42,6.223499574262349,9.402777777777779,28564.0,False,False
1144,289.1162790697674,242.34883720930233,36.335,6.801702644040839,14.69767441860465,43567.0,False,False
1145,288.3018867924528,668.188679245283,22.392500000000002,5.3395708165996005,21.962264150943398,81497.0,False,False
1146,294.35267857142856,766.9955357142857,94.64000000000001,10.977221438676356,32.848214285714285,91436.0,False,False
1147,288.4102564102564,918.2435897435897,32.955000000000005,6.477623730716943,35.11538461538461,95115.0,False,False
1148,289.26724137931035,1119.3793103448277,49.010000000000005,7.8994601136704485,8.370689655172415,27814.0,False,False
1149,288.9240506329114,1136.987341772152,33.377500000000005,6.519014718835807,8.20253164556962,27307.0,False,False
1150,289.3203125,1204.8671875,54.080000000000005,8.297999432349801,12.5,48972.0,False,False
1151,291.49375,120.28125,67.60000000000001,9.277445403994411,9.1,37104.0,False,False
1152,289.5925925925926,199.49382716049382,34.222500000000004,6.601018127508749,18.987654320987655,87997.0,False,False
1153,290.1666666666667,279.2647058823529,43.095000000000006,7.407446130776911,11.558823529411764,40791.0,False,False
1154,290.5140186915888,1162.4018691588785,45.2075,7.586829161027343,9.83177570093458,37972.0,False,False
1155,294.0,2.5483870967741935,39.292500000000004,7.073101498742004,15.053763440860216,24129.0,False,False
1156,291.15384615384613,150.72527472527472,38.447500000000005,6.996633290104976,13.428571428571429,62234.0,False,False
1157,292.6898734177215,503.44303797468353,66.75500000000001,9.219279028687428,22.170886075949365,67145.0,True,False
1158,289.3625,553.725,33.800000000000004,6.560144557252417,19.9,66631.0,False,False
1159,291.89166666666665,846.575,50.7,8.034503402082343,24.2,77343.0,False,False
1160,290.7692307692308,938.1282051282051,32.955000000000005,6.477623730716943,24.615384615384617,84127.0,False,False
1161,292.1357142857143,999.8071428571428,59.150000000000006,8.67825553156191,15.864285714285714,44430.0,False,False
1162,294.05357142857144,581.6130952380952,70.98,9.506552628860888,19.24404761904762,68401.0,False,False
1163,293.5986394557823,778.6938775510204,62.10750000000001,8.892565716633143,23.761904761904763,94567.0,False,False
1164,294.34027777777777,592.8958333333334,60.84,8.801357503344999,20.59722222222222,74756.0,False,False
1165,293.3673469387755,626.1530612244898,41.405,7.260749503306075,39.775510204081634,121315.0,False,False
1166,293.929203539823,731.8053097345132,47.74250000000001,7.796642800880295,32.46017699115044,99905.0,False,False
1167,294.43333333333334,947.0416666666666,50.7,8.034503402082343,19.433333333333334,78085.0,False,False
1168,294.184,1146.376,52.81250000000001,8.200180696565521,9.296,29476.0,False,False
1169,293.8045977011494,1193.8045977011495,36.7575,6.8411331346205175,25.528735632183906,48485.0,False,False
1170,291.48571428571427,82.77142857142857,14.787500000000001,4.339127765780955,14.914285714285715,38896.0,False,False
1171,294.6578947368421,295.7631578947368,48.165000000000006,7.831065232276457,14.017543859649123,38953.0,False,False
1172,294.97435897435895,349.7008547008547,49.432500000000005,7.933436443000028,13.316239316239317,46782.0,False,False
1173,294.0625,676.9895833333334,40.56,7.186278309003779,33.59375,79249.0,False,False
1174,294.46875,1032.9895833333333,40.56,7.186278309003779,14.385416666666666,44765.0,False,False
1175,294.748031496063,311.9685039370079,53.657500000000006,8.265521814841879,11.133858267716535,39987.0,False,False
1176,295.719512195122,885.9756097560976,34.645,6.641640160935379,33.75609756097561,92026.0,False,False
1177,294.28767123287673,986.1917808219179,30.842500000000005,6.266569289371519,14.10958904109589,49071.0,False,False
1178,295.3191489361702,14.574468085106384,19.8575,5.028255588131782,13.51063829787234,33322.0,False,False
1179,296.697247706422,175.36697247706422,46.0525,7.6574058357851245,20.59633027522936,86607.0,False,False
1180,296.6216216216216,211.71621621621622,31.265000000000004,6.309345002941657,15.175675675675675,51565.0,False,False
1181,296.984375,398.5859375,54.080000000000005,8.297999432349801,23.5390625,67369.0,False,False
1182,295.5287356321839,692.551724137931,36.7575,6.8411331346205175,23.333333333333332,82286.0,False,False
1183,298.1918604651163,788.0639534883721,72.67,9.619060126431496,24.802325581395348,93342.0,False,False
1184,298.5891891891892,824.4162162162162,78.16250000000001,9.9759503765487,25.25945945945946,78818.0,False,False
1185,297.96791443850265,552.9786096256685,79.00750000000001,10.029729474450614,19.203208556149733,62929.0,False,False
1186,301.2841530054645,620.4207650273224,77.31750000000001,9.92187978661609,35.05464480874317,107957.0,False,False
1187,297.2352941176471,637.6029411764706,28.730000000000004,6.048154439185661,27.573529411764707,112216.0,False,False
1188,295.7307692307692,665.4423076923077,21.970000000000002,5.288957628666685,22.48076923076923,87016.0,False,False
1189,298.34736842105264,1042.3157894736842,40.1375,7.148751795020415,21.13684210526316,43550.0,False,False
1190,296.328125,1231.15625,27.040000000000003,5.867571668896666,8.5,32251.0,False,False
1191,301.58910891089107,1063.8415841584158,85.34500000000001,10.424232774905905,11.985148514851485,40888.0,False,False
1192,300.51960784313724,224.40196078431373,43.095000000000006,7.407446130776911,13.392156862745098,43732.0,False,False
1193,300.16326530612247,366.4353741496599,62.10750000000001,8.892565716633143,12.70748299319728,52787.0,False,False
1194,299.824,862.152,52.81250000000001,8.200180696565521,35.952,93597.0,False,False
1195,299.0933333333333,898.5733333333334,31.687500000000004,6.351832654737959,41.96,100211.0,False,False
1196,298.91269841269843,919.0555555555555,53.23500000000001,8.232916079007266,38.1031746031746,111355.0,False,False
1197,301.55128205128204,1094.4871794871794,65.91000000000001,9.160743331929707,10.794871794871796,34153.0,False,False
1198,300.13675213675214,516.6068376068376,49.432500000000005,7.933436443000028,21.256410256410255,63296.0,True,False
1199,301.7647058823529,87.59663865546219,50.2775,8.000956268498294,11.907563025210084,38325.0,False,False
1200,300.96875,720.1666666666666,40.56,7.186278309003779,29.010416666666668,91319.0,False,False
1201,301.10752688172045,989.6344086021505,39.292500000000004,7.073101498742004,13.43010752688172,51305.0,False,False
1202,301.1012658227848,1019.6645569620254,66.75500000000001,9.219279028687428,14.227848101265822,48654.0,False,False
1203,299.3333333333333,96.53333333333333,6.3375,2.840625919539406,10.066666666666666,37732.0,False,False
1204,300.6875,941.65625,27.040000000000003,5.867571668896666,27.46875,93917.0,False,False
1205,304.679012345679,1074.716049382716,68.44500000000001,9.335249361393526,11.382716049382717,38041.0,False,False
1206,308.43464052287584,1207.735294117647,129.28500000000003,12.830073052835106,11.735294117647058,40510.0,False,False
1207,301.0869565217391,76.65217391304348,19.435000000000002,4.974475907261778,11.173913043478262,39266.0,False,False
1208,303.55555555555554,1054.4222222222222,38.025000000000006,6.958084052995808,20.38888888888889,45162.0,False,False
1209,304.37735849056605,251.70754716981133,44.785000000000004,7.5512934660867375,10.471698113207546,40179.0,False,False
1210,304.1333333333333,322.08,31.687500000000004,6.351832654737959,12.586666666666666,42757.0,False,False
1211,308.2254098360656,606.405737704918,103.09,11.456799931339813,23.098360655737704,84999.0,False,False
1212,304.67021276595744,745.2872340425532,39.715,7.1110272478142695,22.361702127659573,90580.0,False,False
1213,303.03409090909093,843.0227272727273,37.18000000000001,6.880337656921596,31.25,89149.0,False,False
1214,304.609375,930.671875,54.080000000000005,8.297999432349801,30.875,115620.0,False,False
1215,305.3780487804878,105.6951219512195,34.645,6.641640160935379,6.439024390243903,37080.0,False,False
1216,305.43119266055044,283.2477064220183,46.0525,7.6574058357851245,11.110091743119266,38699.0,False,False
1217,303.7560975609756,312.5,34.645,6.641640160935379,11.829268292682928,41042.0,False,False
1218,307.88235294117646,576.9044117647059,57.46000000000001,8.553382035223404,19.470588235294116,60688.0,False,False
1219,305.8099173553719,968.6859504132232,51.1225,8.067911044732915,12.768595041322314,66471.0,False,False
1220,303.8222222222222,137.13333333333333,19.012500000000003,4.920108417939312,13.244444444444444,38278.0,False,False
1221,304.2083333333333,347.8333333333333,20.28,5.081466123790367,16.333333333333332,45727.0,False,False
1222,308.4529411764706,587.8941176470588,71.825,9.562971834142516,17.958823529411763,68029.0,False,False
1223,309.01477832512313,701.9458128078818,85.76750000000001,10.450003476223014,22.310344827586206,87741.0,False,False
1224,307.4054054054054,796.6013513513514,62.53000000000001,8.922761272851007,23.486486486486488,85271.0,False,False
1225,305.41818181818184,884.2363636363636,23.2375,5.439384516724603,29.818181818181817,106741.0,False,False
1226,311.54347826086956,1001.7434782608696,97.17500000000001,11.123266281072276,16.117391304347827,54595.0,False,False
1227,309.0866141732283,513.007874015748,53.657500000000006,8.265521814841879,16.944881889763778,57586.0,True,False
1228,310.3833333333333,1039.9333333333334,76.05000000000001,9.840216835878625,16.655555555555555,53985.0,False,False
1229,310.0740740740741,112.27160493827161,34.222500000000004,6.601018127508749,7.888888888888889,36204.0,False,False
1230,308.9032258064516,401.2741935483871,26.195000000000004,5.775163190277621,19.225806451612904,73499.0,False,False
1231,308.9734513274336,471.7787610619469,47.74250000000001,7.796642800880295,22.0,62504.0,False,False
1232,310.6136363636364,555.4715909090909,74.36000000000001,9.730266828124844,18.636363636363637,59067.0,False,False
1233,310.172131147541,1249.983606557377,51.545,8.101180922147954,11.51639344262295,22916.0,False,False
1234,310.1904761904762,493.1904761904762,53.23500000000001,8.232916079007266,17.91269841269841,57397.0,False,False
1235,310.3333333333333,526.9069767441861,54.502500000000005,8.33035043001963,17.8062015503876,57233.0,False,False
1236,310.5,543.5689655172414,49.010000000000005,7.8994601136704485,19.32758620689655,58129.0,False,False
1237,310.5855855855856,633.7927927927927,46.89750000000001,7.727337934192946,48.927927927927925,99421.0,True,False
1238,309.12307692307695,646.5384615384615,27.462500000000002,5.913234393907399,49.09230769230769,93846.0,True,True
1239,310.6595744680851,731.5744680851063,59.572500000000005,8.709194152086374,19.51063829787234,84316.0,False,False
1240,313.32894736842104,978.0,64.22000000000001,9.042535239792663,24.32894736842105,68396.0,False,False
1241,311.6186440677966,990.3559322033898,49.855000000000004,7.967267881951225,20.1864406779661,57774.0,False,False
1242,309.42857142857144,194.0408163265306,20.7025,5.134125210284583,12.244897959183673,51593.0,False,False
1243,310.3,686.7,33.800000000000004,6.560144557252417,39.375,96625.0,False,True
1244,314.6378378378378,717.2648648648649,78.16250000000001,9.9759503765487,24.594594594594593,78302.0,False,False
1245,312.12587412587413,828.0629370629371,60.417500000000004,8.770743993187619,25.244755244755243,86975.0,False,False
1246,312.0779220779221,1019.5844155844156,97.59750000000001,11.147421067999991,13.41991341991342,56943.0,False,False
1247,312.6221198156682,29.870967741935484,91.6825,10.804341005363613,12.0,43293.0,False,False
1248,312.57758620689657,257.87931034482756,49.010000000000005,7.8994601136704485,10.913793103448276,39181.0,False,False
1249,311.875,305.85,50.7,8.034503402082343,11.316666666666666,40228.0,False,False
1250,313.7190082644628,617.9669421487604,51.1225,8.067911044732915,38.082644628099175,98831.0,False,False
1251,311.8514851485148,763.049504950495,42.67250000000001,7.371045683803026,21.544554455445546,91652.0,False,False
1252,310.4,841.7692307692307,27.462500000000002,5.913234393907399,34.784615384615385,97474.0,False,False
1253,314.60655737704917,418.4754098360656,51.545,8.101180922147954,22.368852459016395,83663.0,False,False
1254,313.9807692307692,772.2115384615385,43.940000000000005,7.479715609277069,26.23076923076923,99209.0,False,False
1255,313.93650793650795,1093.579365079365,53.23500000000001,8.232916079007266,10.277777777777779,39321.0,False,False
1256,315.9617224880383,1105.4976076555024,88.30250000000001,10.603312449370561,13.516746411483254,40105.0,False,False
1257,315.8,672.7777777777778,57.03750000000001,8.521877758618217,30.97037037037037,102678.0,False,False
1258,313.66923076923075,855.5307692307692,54.925000000000004,8.362576277354894,42.323076923076925,106817.0,False,False
1259,316.54477611940297,947.3432835820895,56.61500000000001,8.490256581822557,25.28358208955224,115531.0,False,False
1260,313.92857142857144,155.15714285714284,29.575000000000003,6.136453335237093,12.785714285714286,41668.0,False,False
1261,313.3050847457627,223.52542372881356,24.927500000000002,5.633709146857493,14.338983050847459,40660.0,False,False
1262,317.3821138211382,500.9512195121951,51.96750000000001,8.134314724734013,20.0,53949.0,False,False
1263,314.45714285714286,867.5428571428571,29.575000000000003,6.136453335237093,60.871428571428574,111302.0,False,True
1264,315.85714285714283,908.1734693877551,41.405,7.260749503306075,36.55102040816327,135359.0,False,False
1265,313.0882352941176,1162.9411764705883,14.365000000000002,4.276691017611702,10.941176470588236,36518.0,False,False
1266,316.4909090909091,1185.7454545454545,46.475,7.692451354514157,14.272727272727273,42750.0,False,False
1267,312.9375,282.5,13.520000000000001,4.148999716174901,12.96875,39745.0,False,False
1268,316.2957746478873,892.9577464788732,29.997500000000002,6.180129710871209,34.91549295774648,123623.0,False,False
1269,316.3,934.675,50.7,8.034503402082343,35.24166666666667,135917.0,False,False
1270,315.4155844155844,1174.857142857143,32.532500000000006,6.4359665543799,13.246753246753247,41414.0,False,False
1271,317.4450867052023,1235.450867052023,73.0925,9.646981985240508,8.398843930635838,32047.0,False,False
1272,314.9756097560976,348.4146341463415,17.3225,4.696348795998318,16.21951219512195,45450.0,False,False
1273,322.00787401574803,1062.791338582677,107.31500000000001,11.689213050640065,13.003937007874017,56400.0,False,False
1274,317.3134328358209,205.13432835820896,28.307500000000005,6.003518003020447,12.611940298507463,44796.0,False,False
1275,320.8036809815951,591.3374233128834,68.8675,9.364017532397558,19.595092024539877,70560.0,False,False
1276,319.53846153846155,1050.4935897435898,65.91000000000001,9.160743331929707,11.512820512820513,64728.0,False,False
1277,320.05128205128204,71.41025641025641,32.955000000000005,6.477623730716943,9.987179487179487,40278.0,False,False
1278,320.84375,519.9375,54.080000000000005,8.297999432349801,16.15625,52770.0,False,False
1279,319.0,535.5357142857143,23.660000000000004,5.488610719338178,20.0,53614.0,False,False
1280,320.02941176470586,638.9509803921569,43.095000000000006,7.407446130776911,31.980392156862745,99662.0,False,False
1281,318.5421686746988,686.9638554216867,35.0675,6.682015245043993,46.08433734939759,104106.0,False,True
1282,321.9734513274336,697.6194690265487,47.74250000000001,7.796642800880295,29.98230088495575,100898.0,False,False
1283,321.3063063063063,214.33333333333334,46.89750000000001,7.727337934192946,12.09009009009009,41892.0,False,False
1284,321.7734375,457.0078125,54.080000000000005,8.297999432349801,19.3203125,66831.0,False,False
1285,323.2080924855491,562.9884393063584,73.0925,9.646981985240508,15.416184971098266,55567.0,False,False
1286,320.53846153846155,628.2527472527472,38.447500000000005,6.996633290104976,32.61538461538461,103485.0,False,False
1287,323.49668874172187,757.8807947019867,63.79750000000001,9.01274097349089,18.8476821192053,101595.0,False,False
1288,321.0344827586207,966.301724137931,49.010000000000005,7.8994601136704485,30.5,92379.0,False,False
1289,322.0769230769231,1217.6461538461538,54.925000000000004,8.362576277354894,9.946153846153846,34963.0,False,False
1290,319.0740740740741,171.40740740740742,11.4075,3.8110995928427753,11.37037037037037,44168.0,False,False
1291,320.56140350877195,288.03508771929825,24.082500000000003,5.537399329656889,8.929824561403509,42894.0,False,False
1292,322.38607594936707,921.132911392405,66.75500000000001,9.219279028687428,61.00632911392405,151706.0,False,True
1293,322.5882352941176,986.5367647058823,57.46000000000001,8.553382035223404,23.86764705882353,72844.0,False,False
1294,322.53465346534654,366.94059405940595,42.67250000000001,7.371045683803026,14.148514851485148,50002.0,False,False
1295,323.77536231884056,604.2536231884058,58.30500000000001,8.616045012404687,34.79710144927536,82670.0,False,False
1296,321.37704918032784,651.6229508196722,25.7725,5.728399965669906,19.24590163934426,101028.0,False,False
1297,323.55555555555554,875.0185185185185,45.63,7.622199185685551,47.175925925925924,114036.0,False,False
1298,321.9438202247191,1017.2696629213483,37.602500000000006,6.919320051920128,20.078651685393258,71456.0,False,False
1299,325.18934911242604,1087.8343195266273,71.4025,9.534803961957083,12.763313609467456,47384.0,False,False
1300,324.4,481.03076923076924,54.925000000000004,8.362576277354894,15.746153846153845,51829.0,False,False
1301,326.4342105263158,619.421052631579,64.22000000000001,9.042535239792663,33.24342105263158,103500.0,False,False
1302,328.2232558139535,815.3348837209302,90.8375,10.754436161179271,26.748837209302327,98108.0,False,False
1303,325.3586206896552,832.8758620689655,61.2625,8.831864899857669,27.613793103448277,94397.0,False,False
1304,322.8269230769231,38.32692307692308,21.970000000000002,5.288957628666685,15.634615384615385,43606.0,False,False
1305,326.2421052631579,307.87368421052633,40.1375,7.148751795020415,12.810526315789474,46063.0,False,False
1306,328.68617021276594,441.281914893617,79.43,10.056511176263564,21.18617021276596,71056.0,False,False
1307,328.39428571428573,542.0285714285715,73.93750000000001,9.702584647343,18.08,50339.0,False,False
1308,324.8840579710145,713.7246376811594,29.152500000000003,6.092463855279885,25.44927536231884,77254.0,True,False
1309,325.89,851.7,42.25000000000001,7.3344645861208315,32.32,107956.0,False,False
1310,325.75,956.3095238095239,35.49,6.722147829574334,40.142857142857146,118875.0,False,False
1311,326.26363636363635,1004.2181818181818,46.475,7.692451354514157,19.28181818181818,72134.0,False,False
1312,327.2583333333333,159.58333333333334,50.7,8.034503402082343,8.875,42191.0,False,False
1313,326.44736842105266,384.11842105263156,32.11000000000001,6.394037987175715,21.31578947368421,58125.0,False,False
1314,327.75471698113205,663.6698113207547,44.785000000000004,7.5512934660867375,31.41509433962264,111990.0,False,False
1315,326.59090909090907,724.8787878787879,27.885,5.958547197508803,26.0,71462.0,True,False
1316,329.7307692307692,861.4871794871794,65.91000000000001,9.160743331929707,36.68589743589744,111474.0,False,False
1317,327.22222222222223,938.9126984126984,53.23500000000001,8.232916079007266,50.333333333333336,147752.0,False,False
1318,328.3435114503817,1192.0916030534352,55.347500000000004,8.394678415652944,12.022900763358779,41490.0,False,False
1319,327.6923076923077,233.8021978021978,38.447500000000005,6.996633290104976,13.065934065934066,40284.0,False,False
1320,327.63440860215053,1227.720430107527,39.292500000000004,7.073101498742004,9.86021505376344,35306.0,False,False
1321,327.625,15.05,16.900000000000002,4.638722701997206,14.325,36993.0,False,False
1322,327.4264705882353,129.69117647058823,28.730000000000004,6.048154439185661,12.911764705882353,40165.0,False,True
1323,328.8279569892473,249.08602150537635,39.292500000000004,7.073101498742004,11.688172043010752,41052.0,False,False
1324,329.44545454545454,395.3818181818182,46.475,7.692451354514157,27.254545454545454,64289.0,False,True
1325,327.5,422.0,25.35,5.681251839078812,37.1,77689.0,False,False
1326,328.7340425531915,644.8404255319149,39.715,7.1110272478142695,25.329787234042552,106521.0,False,False
1327,330.3089430894309,804.2357723577236,51.96750000000001,8.134314724734013,28.3739837398374,109391.0,False,False
1328,331.23489932885906,994.5302013422819,62.95250000000001,8.952854988211321,21.42953020134228,78542.0,False,False
1329,329.5820895522388,1029.7985074626865,56.61500000000001,8.490256581822557,30.507462686567163,90294.0,False,False
1330,329.4901960784314,1143.4019607843138,43.095000000000006,7.407446130776911,9.833333333333334,38710.0,False,False
1331,330.2282608695652,36.641304347826086,38.870000000000005,7.034971293747812,17.565217391304348,44279.0,False,False
1332,330.4227642276423,181.14634146341464,51.96750000000001,8.134314724734013,13.894308943089431,42129.0,False,False
1333,330.7628865979381,673.0515463917526,40.9825,7.22360987610134,55.54639175257732,108144.0,False,False
1334,332.09708737864077,138.58252427184465,43.517500000000005,7.443668577254932,13.902912621359222,40978.0,False,False
1335,329.03636363636366,202.96363636363637,23.2375,5.439384516724603,13.218181818181819,42590.0,False,False
1336,329.73214285714283,213.48214285714286,23.660000000000004,5.488610719338178,13.285714285714286,41741.0,False,False
1337,331.7903225806452,290.43548387096774,52.39000000000001,8.167314108608483,11.5,45937.0,False,False
1338,330.5769230769231,339.21794871794873,32.955000000000005,6.477623730716943,15.102564102564102,45568.0,False,False
1339,332.00840336134456,516.1428571428571,50.2775,8.000956268498294,14.126050420168067,47408.0,False,False
1340,330.8,737.3066666666666,31.687500000000004,6.351832654737959,19.386666666666667,72689.0,False,False
1341,333.87567567567567,978.8756756756757,78.16250000000001,9.9759503765487,29.686486486486487,98158.0,False,False
1342,331.85714285714283,1014.2857142857143,53.23500000000001,8.232916079007266,23.484126984126984,88621.0,False,False
1343,330.16438356164383,1160.9315068493152,30.842500000000005,6.266569289371519,13.315068493150685,37583.0,False,False
1344,331.75714285714287,168.64285714285714,29.575000000000003,6.136453335237093,9.985714285714286,41882.0,False,False
1345,333.5833333333333,259.00694444444446,60.84,8.801357503344999,14.409722222222221,42678.0,False,False
1346,336.4139194139194,582.1831501831501,115.34250000000002,12.118524340389614,17.395604395604394,64648.0,False,False
1347,333.7647058823529,892.6666666666666,64.64250000000001,9.072231658778492,35.95424836601307,124917.0,False,False
1348,333.6753246753247,528.5454545454545,65.06500000000001,9.101831188183693,12.623376623376624,48236.0,False,False
1349,334.4830508474576,558.2203389830509,49.855000000000004,7.967267881951225,17.516949152542374,53003.0,False,False
1350,333.46,605.82,42.25000000000001,7.3344645861208315,45.38,86955.0,False,False
1351,332.58,408.54,21.125000000000004,5.186249645218625,26.98,71302.0,False,False
1352,335.3690476190476,465.39285714285717,70.98,9.506552628860888,11.494047619047619,49770.0,False,False
1353,336.82208588957053,568.9079754601227,68.8675,9.364017532397558,16.7239263803681,55021.0,False,False
1354,337.4671052631579,615.5855263157895,64.22000000000001,9.042535239792663,39.98026315789474,101785.0,False,False
1355,335.1117318435754,686.8491620111732,75.62750000000001,9.812844830601293,57.33519553072626,105187.0,False,False
1356,334.848,715.448,52.81250000000001,8.200180696565521,22.88,73754.0,True,False
1357,333.8723404255319,847.3404255319149,39.715,7.1110272478142695,50.9468085106383,101869.0,False,False
1358,333.66990291262135,1114.3980582524273,43.517500000000005,7.443668577254932,19.902912621359224,48638.0,False,False
1359,333.828125,1223.34375,27.040000000000003,5.867571668896666,12.28125,37057.0,False,False
1360,336.203125,496.953125,81.12,10.162932247580734,9.807291666666666,46130.0,False,False
1361,338.43961352657004,946.4782608695652,87.45750000000001,10.552456940621719,45.20289855072464,152025.0,False,False
1362,336.0676691729323,1073.451127819549,56.1925,8.458517193783473,17.37593984962406,59157.0,False,False
1363,338.3587786259542,399.8396946564886,55.347500000000004,8.394678415652944,24.702290076335878,61375.0,False,False
1364,337.015503875969,744.3100775193799,54.502500000000005,8.33035043001963,25.356589147286822,91476.0,False,False
1365,335.70866141732284,1086.9527559055118,53.657500000000006,8.265521814841879,16.275590551181104,54465.0,False,False
1366,341.46783625730995,754.7309941520468,72.2475,9.591056980763573,28.385964912280702,118049.0,False,False
1367,337.21259842519686,868.0551181102362,53.657500000000006,8.265521814841879,36.08661417322835,108170.0,False,False
1368,337.03225806451616,906.752688172043,39.292500000000004,7.073101498742004,46.774193548387096,148895.0,False,False
1369,337.016,918.112,52.81250000000001,8.200180696565521,82.112,154049.0,False,False
1370,338.00735294117646,930.5955882352941,57.46000000000001,8.553382035223404,111.22058823529412,158108.0,True,True
1371,338.7767857142857,1021.8928571428571,47.32000000000001,7.762067717874401,39.42857142857143,100988.0,False,False
1372,338.8135593220339,1153.3333333333333,74.78250000000001,9.75787047742269,9.033898305084746,41684.0,False,False
1373,335.09090909090907,158.5909090909091,18.590000000000003,4.865133414062422,11.909090909090908,42047.0,False,False
1374,338.37974683544303,189.83544303797467,33.377500000000005,6.519014718835807,13.594936708860759,42162.0,False,False
1375,338.6695652173913,432.4,48.587500000000006,7.8653370162898755,16.008695652173913,67342.0,False,False
1376,339.94535519125685,769.0327868852459,77.31750000000001,9.92187978661609,83.08196721311475,128276.0,False,False
1377,342.4516129032258,827.2073732718894,91.6825,10.804341005363613,29.304147465437786,94828.0,False,False
1378,338.58677685950414,1240.7520661157025,51.1225,8.067911044732915,12.223140495867769,31224.0,False,False
1379,340.364406779661,120.34745762711864,49.855000000000004,7.967267881951225,11.813559322033898,45439.0,False,True
1380,340.5338345864662,451.3383458646617,56.1925,8.458517193783473,13.007518796992482,56647.0,False,False
1381,339.6268656716418,1045.6119402985075,56.61500000000001,8.490256581822557,42.88059701492537,100123.0,False,False
1382,339.71223021582733,1057.5179856115108,58.727500000000006,8.647206217237697,34.20863309352518,82411.0,False,True
1383,341.432,1198.448,52.81250000000001,8.200180696565521,12.28,50453.0,False,False
1384,341.7902097902098,1008.3006993006993,60.417500000000004,8.770743993187619,20.86013986013986,99374.0,False,False
1385,340.88392857142856,1032.6785714285713,47.32000000000001,7.762067717874401,68.13392857142857,105948.0,True,False
1386,340.76785714285717,1137.8482142857142,47.32000000000001,7.762067717874401,12.625,49079.0,False,False
1387,343.53472222222223,1175.263888888889,60.84,8.801357503344999,13.23611111111111,54145.0,False,False
1388,342.80254777070064,802.4394904458599,66.33250000000001,9.190057785517194,42.92993630573248,121797.0,False,False
1389,341.64444444444445,967.1407407407407,57.03750000000001,8.521877758618217,50.68888888888889,116790.0,False,False
1390,342.02702702702703,1123.9279279279278,46.89750000000001,7.727337934192946,12.558558558558559,56738.0,False,False
1391,344.1657142857143,594.5428571428571,73.93750000000001,9.702584647343,18.53142857142857,75246.0,False,False
1392,341.28,93.88,10.562500000000002,3.6672322930604158,14.76,47251.0,False,False
1393,343.32894736842104,652.2105263157895,32.11000000000001,6.394037987175715,29.105263157894736,113708.0,False,False
1394,343.65432098765433,1212.7530864197531,34.222500000000004,6.601018127508749,12.604938271604938,43792.0,False,False
1395,347.21370967741933,783.5524193548387,104.78000000000002,11.550326380555243,86.45967741935483,134718.0,True,True
1396,344.47727272727275,848.3863636363636,37.18000000000001,6.880337656921596,25.34090909090909,98632.0,False,False
1397,344.9142857142857,1090.2761904761905,44.362500000000004,7.51558975086544,19.257142857142856,58843.0,False,False
1398,348.08284023668637,531.1775147928994,71.4025,9.534803961957083,12.088757396449704,45082.0,False,False
1399,346.2897196261682,715.1028037383178,45.2075,7.586829161027343,20.542056074766354,72288.0,False,False
1400,346.6034482758621,1078.4913793103449,49.010000000000005,7.8994601136704485,21.525862068965516,64146.0,False,False
1401,346.58947368421053,1244.3894736842105,40.1375,7.148751795020415,13.926315789473684,30218.0,False,False
1402,347.2641509433962,294.27358490566036,44.785000000000004,7.5512934660867375,29.150943396226417,55056.0,False,True
1403,348.2357723577236,665.3170731707318,51.96750000000001,8.134314724734013,29.43089430894309,106725.0,False,False
1404,347.22033898305085,683.2457627118644,49.855000000000004,7.967267881951225,56.432203389830505,98016.0,True,True
1405,348.49074074074076,1068.787037037037,45.63,7.622199185685551,27.675925925925927,71296.0,False,False
1406,347.04615384615386,1166.5692307692307,27.462500000000002,5.913234393907399,14.261538461538462,56398.0,False,False
1407,345.71014492753625,499.2463768115942,29.152500000000003,6.092463855279885,13.217391304347826,43284.0,False,False
1408,346.46938775510205,694.2448979591836,20.7025,5.134125210284583,30.73469387755102,94003.0,False,False
1409,349.21311475409834,724.8360655737705,51.545,8.101180922147954,17.114754098360656,74869.0,False,False
1410,351.13963963963965,813.2342342342342,93.79500000000002,10.928106107575758,40.112612612612615,99429.0,False,False
1411,347.86,860.71,42.25000000000001,7.3344645861208315,32.39,100064.0,False,False
1412,349.44594594594594,872.222972972973,62.53000000000001,8.922761272851007,29.14189189189189,98445.0,False,False
1413,347.91346153846155,884.7884615384615,43.940000000000005,7.479715609277069,26.317307692307693,104409.0,False,False
1414,348.6521739130435,484.5978260869565,38.870000000000005,7.034971293747812,12.076086956521738,41244.0,False,False
1415,349.5929203539823,617.29203539823,47.74250000000001,7.796642800880295,34.61946902654867,110455.0,False,False
1416,348.2063492063492,1040.873015873016,26.617500000000003,5.8215507884058,41.12698412698413,110849.0,False,False
1417,349.55445544554453,1187.8910891089108,42.67250000000001,7.371045683803026,18.257425742574256,64299.0,False,False
1418,351.64150943396226,1224.132075471698,89.57000000000001,10.679141633199201,13.165094339622641,42376.0,False,False
1419,351.59842519685037,510.43307086614175,53.657500000000006,8.265521814841879,15.68503937007874,42281.0,False,False
1420,350.070796460177,634.9026548672566,47.74250000000001,7.796642800880295,65.70796460176992,116950.0,True,False
1421,351.01666666666665,742.625,50.7,8.034503402082343,27.133333333333333,96135.0,False,False
1422,350.18367346938777,894.9081632653061,41.405,7.260749503306075,34.214285714285715,114358.0,False,False
1423,349.3076923076923,949.9038461538462,21.970000000000002,5.288957628666685,42.55769230769231,147026.0,False,False
1424,350.25581395348837,1100.1937984496124,54.502500000000005,8.33035043001963,18.325581395348838,62427.0,False,False
1425,349.4102564102564,1129.0128205128206,32.955000000000005,6.477623730716943,16.576923076923077,67959.0,False,False
1426,351.52542372881356,545.0508474576271,49.855000000000004,7.967267881951225,12.533898305084746,46665.0,False,False
1427,352.45569620253167,939.1898734177215,66.75500000000001,9.219279028687428,46.348101265822784,150927.0,False,False
1428,353.62393162393164,732.5299145299145,49.432500000000005,7.933436443000028,19.743589743589745,80083.0,False,False
1429,352.1909090909091,923.6818181818181,46.475,7.692451354514157,60.71818181818182,149719.0,False,False
1430,350.52702702702703,968.7837837837837,31.265000000000004,6.309345002941657,66.41891891891892,116002.0,False,False
1431,353.15862068965515,1006.9793103448276,61.2625,8.831864899857669,27.868965517241378,108358.0,False,False
1432,356.31531531531533,1030.9324324324325,93.79500000000002,10.928106107575758,69.44594594594595,117641.0,True,False
1433,353.03521126760563,1049.8521126760563,59.995000000000005,8.740023254338977,33.54225352112676,108756.0,False,False
1434,354.94736842105266,560.8157894736842,64.22000000000001,9.042535239792663,19.99342105263158,50641.0,False,False
1435,355.76262626262627,706.489898989899,83.65500000000002,10.320506485382394,16.863636363636363,71523.0,False,False
1436,355.5206611570248,906.2727272727273,51.1225,8.067911044732915,33.611570247933884,130412.0,False,False
1437,356.2119205298013,985.4172185430464,63.79750000000001,9.01274097349089,33.41059602649007,102568.0,False,False
1438,353.1111111111111,332.85714285714283,26.617500000000003,5.8215507884058,15.158730158730158,46544.0,False,False
1439,355.6509433962264,1250.8867924528302,44.785000000000004,7.5512934660867375,11.09433962264151,26606.0,False,False
1440,356.2,594.4761904761905,44.362500000000004,7.51558975086544,18.64761904761905,75627.0,False,False
1441,354.39285714285717,444.82142857142856,11.830000000000002,3.8810338589372004,14.678571428571429,44436.0,False,False
1442,355.09090909090907,1158.1272727272728,23.2375,5.439384516724603,13.981818181818182,67287.0,False,False
1443,357.325,787.3625,33.800000000000004,6.560144557252417,27.1375,131827.0,False,False
1444,360.05797101449275,798.2608695652174,58.30500000000001,8.616045012404687,27.753623188405797,116835.0,False,False
1445,357.97297297297297,824.0,46.89750000000001,7.727337934192946,31.594594594594593,92290.0,False,False
1446,358.5168539325843,915.4494382022472,37.602500000000006,6.919320051920128,45.04494382022472,138071.0,False,False
1447,358.02777777777777,956.324074074074,45.63,7.622199185685551,32.851851851851855,126356.0,False,False
1448,362.59574468085106,995.8031914893617,79.43,10.056511176263564,26.70744680851064,104795.0,False,False
1449,359.6981132075472,317.9811320754717,44.785000000000004,7.5512934660867375,16.556603773584907,54936.0,False,False
1450,359.9047619047619,619.9809523809524,44.362500000000004,7.51558975086544,42.55238095238095,118608.0,False,False
1451,359.1914893617021,845.936170212766,39.715,7.1110272478142695,27.351063829787233,94404.0,False,False
1452,359.08235294117645,971.3529411764706,35.9125,6.762042232218129,64.97647058823529,110135.0,False,False
1453,359.8625954198473,1076.8931297709923,55.347500000000004,8.394678415652944,19.702290076335878,69125.0,False,False
1454,362.18518518518516,1176.3148148148148,68.44500000000001,9.335249361393526,32.148148148148145,77802.0,False,False
1455,358.4375,136.6875,13.520000000000001,4.148999716174901,15.375,50943.0,False,False
1456,359.5609756097561,868.4268292682926,34.645,6.641640160935379,28.878048780487806,91146.0,False,False
1457,359.7448979591837,1065.0102040816328,41.405,7.260749503306075,20.96938775510204,81552.0,False,False
1458,359.46666666666664,486.1666666666667,25.35,5.681251839078812,13.15,41200.0,False,False
1459,361.5891472868217,632.5116279069767,54.502500000000005,8.33035043001963,64.08527131782945,122867.0,True,False
1460,362.264,856.256,52.81250000000001,8.200180696565521,34.552,92897.0,False,False
1461,361.2988505747126,1040.4597701149426,36.7575,6.8411331346205175,43.59770114942529,119803.0,False,False
1462,360.97435897435895,298.2692307692308,32.955000000000005,6.477623730716943,15.884615384615385,68655.0,False,False
1463,364.3865030674847,744.2638036809816,68.8675,9.364017532397558,54.50920245398773,91850.0,False,False
1464,363.5566037735849,1094.0094339622642,44.785000000000004,7.5512934660867375,18.867924528301888,73760.0,False,False
1465,363.58620689655174,1195.1896551724137,49.010000000000005,7.8994601136704485,29.913793103448278,78292.0,False,False
1466,363.0980392156863,203.85294117647058,43.095000000000006,7.407446130776911,14.333333333333334,47588.0,False,False
1467,362.56470588235294,878.7764705882353,35.9125,6.762042232218129,30.623529411764707,92218.0,False,False
1468,362.0657894736842,1155.9342105263158,32.11000000000001,6.394037987175715,13.486842105263158,79115.0,False,False
1469,361.9850746268657,425.2985074626866,28.307500000000005,6.003518003020447,11.537313432835822,47554.0,False,False
1470,361.5681818181818,529.3181818181819,18.590000000000003,4.865133414062422,13.363636363636363,42576.0,False,False
1471,366.7806451612903,755.741935483871,65.48750000000001,9.131334770220834,32.516129032258064,110990.0,False,False
1472,366.8066666666667,765.9,63.37500000000001,8.982847886254723,40.233333333333334,124200.0,False,False
1473,364.25,923.9791666666666,40.56,7.186278309003779,44.385416666666664,130950.0,False,False
1474,367.5103448275862,948.0,61.2625,8.831864899857669,27.075862068965517,116305.0,False,False
1475,364.37254901960785,1004.9215686274509,43.095000000000006,7.407446130776911,31.401960784313726,107453.0,False,False
1476,364.5982905982906,1239.7179487179487,49.432500000000005,7.933436443000028,12.623931623931623,38840.0,False,False
1477,362.8636363636364,1256.75,18.590000000000003,4.865133414062422,9.977272727272727,22571.0,False,False
1478,363.66129032258067,462.6774193548387,26.195000000000004,5.775163190277621,11.903225806451612,42308.0,False,False
1479,364.9611650485437,897.2815533980582,43.517500000000005,7.443668577254932,25.194174757281555,107855.0,False,False
1480,366.01851851851853,1020.25,45.63,7.622199185685551,40.129629629629626,116159.0,False,False
1481,365.74590163934425,1049.4590163934427,51.545,8.101180922147954,35.25409836065574,106587.0,False,False
1482,365.0,1145.405172413793,49.010000000000005,7.8994601136704485,21.137931034482758,88493.0,False,False
1483,366.33009708737865,347.22330097087377,43.517500000000005,7.443668577254932,10.077669902912621,45801.0,False,False
1484,364.82758620689657,452.62068965517244,24.505000000000003,5.58576181408903,12.258620689655173,41534.0,False,False
1485,366.3089430894309,513.0243902439024,51.96750000000001,8.134314724734013,12.178861788617887,43747.0,False,False
1486,365.74,780.16,42.25000000000001,7.3344645861208315,38.83,126814.0,False,False
1487,367.0074626865672,1104.7164179104477,56.61500000000001,8.490256581822557,22.888059701492537,88240.0,False,False
1488,367.51785714285717,809.7142857142857,47.32000000000001,7.762067717874401,26.767857142857142,87582.0,False,False
1489,366.44444444444446,821.6388888888889,45.63,7.622199185685551,28.49074074074074,89162.0,False,False
1490,367.2526315789474,908.1157894736842,40.1375,7.148751795020415,33.28421052631579,119262.0,False,False
1491,369.7857142857143,968.1428571428571,76.89500000000001,9.894733689817546,33.543956043956044,106587.0,False,False
1492,369.1232876712329,1060.9794520547946,61.68500000000001,8.86226727857993,24.883561643835616,85063.0,False,False
1493,369.7674418604651,706.6395348837209,72.67,9.619060126431496,12.906976744186046,57698.0,False,False
1494,368.8211920529801,727.523178807947,63.79750000000001,9.01274097349089,23.874172185430464,72802.0,False,False
1495,369.9316239316239,589.6581196581196,49.432500000000005,7.933436443000028,18.299145299145298,71291.0,False,False
1496,368.27450980392155,870.0098039215686,43.095000000000006,7.407446130776911,25.372549019607842,88283.0,False,False
1497,369.7613636363636,90.47727272727273,37.18000000000001,6.880337656921596,17.431818181818183,57146.0,False,False
1498,372.2809917355372,460.68595041322317,51.1225,8.067911044732915,13.743801652892563,43939.0,False,False
1499,369.8666666666667,486.22222222222223,38.025000000000006,6.958084052995808,13.577777777777778,43862.0,False,False
1500,370.6016260162602,564.1382113821138,51.96750000000001,8.134314724734013,14.83739837398374,56600.0,False,False
1501,369.9594594594595,931.2972972972973,31.265000000000004,6.309345002941657,38.67567567567568,116378.0,False,False
1502,376.1010638297872,541.5797872340426,79.43,10.056511176263564,12.51595744680851,43399.0,False,False
1503,376.15972222222223,429.2638888888889,60.84,8.801357503344999,10.770833333333334,40788.0,False,False
1504,370.5,530.6458333333334,20.28,5.081466123790367,13.875,42956.0,False,False
1505,371.34615384615387,1134.076923076923,32.955000000000005,6.477623730716943,59.96153846153846,110282.0,True,False
1506,371.25274725274727,1163.0549450549452,38.447500000000005,6.996633290104976,26.54945054945055,93024.0,False,False
1507,371.59090909090907,1254.590909090909,37.18000000000001,6.880337656921596,10.715909090909092,26222.0,False,False
1508,373.91269841269843,506.14285714285717,53.23500000000001,8.232916079007266,11.952380952380953,44921.0,False,False
1509,372.0652173913044,674.4347826086956,19.435000000000002,4.974475907261778,20.347826086956523,70851.0,False,False
1510,372.26153846153846,842.0769230769231,27.462500000000002,5.913234393907399,41.84615384615385,86457.0,False,False
1511,373.8154761904762,1079.6488095238096,70.98,9.506552628860888,23.547619047619047,70887.0,False,False
1512,375.67080745341616,1187.3788819875776,68.02250000000001,9.306392261867519,55.05590062111801,92849.0,True,False
1513,374.18791946308727,327.48322147651004,62.95250000000001,8.952854988211321,15.946308724832214,53227.0,False,False
1514,373.5967741935484,834.9354838709677,26.195000000000004,5.775163190277621,33.403225806451616,85555.0,False,False
1515,376.39639639639637,889.3018018018018,93.79500000000002,10.928106107575758,28.936936936936938,100317.0,False,False
1516,372.9298245614035,957.9649122807018,24.082500000000003,5.537399329656889,26.105263157894736,106454.0,False,False
1517,375.2068965517241,1016.8103448275862,49.010000000000005,7.8994601136704485,33.577586206896555,110879.0,False,False
1518,376.86255924170615,1034.2417061611375,89.14750000000001,10.653925206902757,33.492890995260666,110920.0,False,False
1519,374.7682926829268,205.64634146341464,34.645,6.641640160935379,15.609756097560975,52179.0,False,False
1520,375.39285714285717,740.9464285714286,47.32000000000001,7.762067717874401,48.69642857142857,82086.0,False,False
1521,376.32919254658384,777.335403726708,68.02250000000001,9.306392261867519,23.683229813664596,100508.0,False,False
1522,376.4347826086956,791.3623188405797,58.30500000000001,8.616045012404687,21.355072463768117,92752.0,False,False
1523,374.6875,801.0375,33.800000000000004,6.560144557252417,22.125,84075.0,False,False
1524,375.16129032258067,916.991935483871,52.39000000000001,8.167314108608483,32.266129032258064,115642.0,False,False
1525,375.96774193548384,314.7956989247312,39.292500000000004,7.073101498742004,18.462365591397848,63699.0,False,False
1526,376.258064516129,553.0430107526881,39.292500000000004,7.073101498742004,12.989247311827956,48979.0,False,False
1527,374.43037974683546,606.3544303797469,33.377500000000005,6.519014718835807,20.518987341772153,93757.0,False,False
1528,375.9866666666667,661.8933333333333,31.687500000000004,6.351832654737959,19.066666666666666,92152.0,False,False
1529,378.01704545454544,1004.3181818181819,74.36000000000001,9.730266828124844,26.65340909090909,102860.0,False,False
1530,377.87068965517244,1095.9137931034484,49.010000000000005,7.8994601136704485,23.28448275862069,86844.0,False,False
1531,376.42045454545456,177.0340909090909,37.18000000000001,6.880337656921596,15.545454545454545,48481.0,False,False
1532,374.37142857142857,348.22857142857146,14.787500000000001,4.339127765780955,18.571428571428573,46569.0,False,False
1533,376.72115384615387,812.7596153846154,43.940000000000005,7.479715609277069,22.259615384615383,79719.0,False,False
1534,377.3333333333333,865.6410256410256,32.955000000000005,6.477623730716943,23.102564102564102,89014.0,False,False
1535,377.7079646017699,943.8849557522124,47.74250000000001,7.796642800880295,25.150442477876105,97110.0,False,False
1536,381.5357142857143,988.765873015873,106.47000000000001,11.6431015768116,29.376984126984127,101465.0,False,False
1537,378.336,1048.6,52.81250000000001,8.200180696565521,28.632,95406.0,False,False
1538,378.25,303.9875,33.800000000000004,6.560144557252417,25.4375,73993.0,False,False
1539,377.7875,478.9375,33.800000000000004,6.560144557252417,13.075,45836.0,False,False
1540,379.13861386138615,683.5247524752475,42.67250000000001,7.371045683803026,15.0,58021.0,False,False
1541,377.5242718446602,1218.0582524271845,43.517500000000005,7.443668577254932,17.145631067961165,67428.0,False,False
1542,379.32608695652175,441.82608695652175,38.870000000000005,7.034971293747812,13.23913043478261,42564.0,False,False
1543,379.1123595505618,640.2134831460675,37.602500000000006,6.919320051920128,81.89887640449439,113597.0,True,False
1544,381.9179487179487,718.9794871794871,82.3875,10.24202240731137,16.123076923076923,65681.0,False,False
1545,380.96,761.5533333333333,63.37500000000001,8.982847886254723,29.926666666666666,93581.0,False,False
1546,378.4246575342466,926.6301369863014,30.842500000000005,6.266569289371519,38.43835616438356,110850.0,False,False
1547,379.07339449541286,1246.7247706422017,46.0525,7.6574058357851245,12.715596330275229,35825.0,False,False
1548,379.2244897959184,132.69387755102042,20.7025,5.134125210284583,17.387755102040817,77514.0,False,False
1549,380.54545454545456,190.4318181818182,37.18000000000001,6.880337656921596,11.738636363636363,51478.0,False,False
1550,380.8378378378378,1127.855855855856,46.89750000000001,7.727337934192946,67.94594594594595,139444.0,True,False
1551,383.00787401574803,289.3307086614173,53.657500000000006,8.265521814841879,45.976377952755904,76160.0,True,True
1552,380.4130434782609,470.2826086956522,19.435000000000002,4.974475907261778,12.478260869565217,46795.0,False,False
1553,382.1041666666667,842.4375,40.56,7.186278309003779,39.15625,81876.0,False,False
1554,382.5267857142857,1074.0982142857142,47.32000000000001,7.762067717874401,19.928571428571427,73958.0,False,False
1555,385.30285714285714,742.7485714285714,73.93750000000001,9.702584647343,19.062857142857144,79797.0,False,False
1556,385.25,809.8851351351351,62.53000000000001,8.922761272851007,21.743243243243242,72685.0,False,False
1557,385.9273504273504,828.9273504273505,98.86500000000001,11.219573413915606,24.457264957264957,78301.0,False,False
1558,382.7974683544304,1137.7721518987341,33.377500000000005,6.519014718835807,47.18987341772152,140188.0,False,False
1559,387.5698324022346,729.7597765363129,75.62750000000001,9.812844830601293,16.776536312849164,72306.0,False,False
1560,383.9166666666667,954.8809523809524,35.49,6.722147829574334,22.773809523809526,92744.0,False,False
1561,385.5,1105.6,59.150000000000006,8.67825553156191,26.47142857142857,122711.0,False,False
1562,389.2635135135135,1156.8581081081081,62.53000000000001,8.922761272851007,27.736486486486488,132844.0,False,False
1563,382.3777777777778,1235.088888888889,19.012500000000003,4.920108417939312,17.42222222222222,52091.0,False,False
1564,386.31333333333333,622.92,63.37500000000001,8.982847886254723,33.693333333333335,103337.0,False,False
1565,386.94160583941607,895.985401459854,57.88250000000001,8.584770698634475,44.386861313868614,116527.0,False,False
1566,384.4736842105263,169.0701754385965,24.082500000000003,5.537399329656889,18.736842105263158,58466.0,False,False
1567,386.84615384615387,493.5576923076923,43.940000000000005,7.479715609277069,19.625,45296.0,False,False
1568,386.2244897959184,1088.1836734693877,41.405,7.260749503306075,24.132653061224488,83893.0,False,False
1569,386.9888888888889,527.5777777777778,38.025000000000006,6.958084052995808,14.044444444444444,42840.0,False,False
1570,389.19354838709677,774.263440860215,78.58500000000001,10.002876067562408,30.129032258064516,78812.0,False,False
1571,388.5436241610738,977.0536912751678,62.95250000000001,8.952854988211321,34.32214765100671,97522.0,False,False
1572,389.8087431693989,591.4699453551913,77.31750000000001,9.92187978661609,37.15300546448088,68990.0,True,True
1573,387.73267326732673,792.2178217821782,42.67250000000001,7.371045683803026,22.99009900990099,74308.0,False,False
1574,387.8269230769231,856.2211538461538,43.940000000000005,7.479715609277069,28.10576923076923,83603.0,False,False
1575,388.8253968253968,881.8412698412699,53.23500000000001,8.232916079007266,29.150793650793652,102801.0,False,False
1576,391.82706766917295,1063.4624060150377,112.385,11.9621497330146,21.236842105263158,79157.0,False,False
1577,387.97872340425533,351.78723404255317,19.8575,5.028255588131782,18.319148936170212,48371.0,False,False
1578,388.67088607594934,452.49367088607596,33.377500000000005,6.519014718835807,12.215189873417721,45904.0,False,False
1579,389.07142857142856,517.969387755102,41.405,7.260749503306075,15.520408163265307,43001.0,False,False
1580,388.64444444444445,572.2222222222222,38.025000000000006,6.958084052995808,17.92222222222222,62227.0,False,False
1581,391.73224043715845,869.3497267759562,77.31750000000001,9.92187978661609,25.628415300546447,91533.0,False,False
1582,388.43529411764706,1000.6823529411764,35.9125,6.762042232218129,20.870588235294118,104454.0,False,False
1583,388.83116883116884,1146.909090909091,32.532500000000006,6.4359665543799,42.02597402597402,147836.0,False,False
1584,390.00961538461536,908.9903846153846,43.940000000000005,7.479715609277069,36.66346153846154,128120.0,False,False
1585,392.21656050955414,1010.8853503184713,66.33250000000001,9.190057785517194,38.038216560509554,105686.0,False,False
1586,392.0061728395062,1026.8456790123457,68.44500000000001,9.335249361393526,33.15432098765432,105550.0,False,False
1587,391.33846153846156,1040.6307692307691,54.925000000000004,8.362576277354894,29.76923076923077,98798.0,False,False
1588,390.3544303797468,1096.7088607594937,33.377500000000005,6.519014718835807,37.822784810126585,104162.0,False,False
1589,389.52272727272725,76.93181818181819,18.590000000000003,4.865133414062422,14.454545454545455,58473.0,False,False
1590,389.83673469387753,104.48979591836735,20.7025,5.134125210284583,36.38775510204081,74458.0,False,False
1591,391.3777777777778,918.7888888888889,38.025000000000006,6.958084052995808,38.58888888888889,130760.0,False,False
1592,391.4255319148936,930.6241134751773,59.572500000000005,8.709194152086374,28.390070921985817,113177.0,False,False
1593,392.73728813559325,961.5084745762712,49.855000000000004,7.967267881951225,26.940677966101696,92808.0,False,False
1594,390.18055555555554,1171.7083333333333,30.42,6.223499574262349,25.569444444444443,116365.0,False,False
1595,391.75,1231.258064516129,52.39000000000001,8.167314108608483,14.32258064516129,60232.0,False,False
1596,390.3265306122449,1256.6122448979593,20.7025,5.134125210284583,15.142857142857142,26831.0,False,False
1597,391.3707865168539,690.9325842696629,37.602500000000006,6.919320051920128,14.98876404494382,50368.0,False,False
1598,391.12820512820514,46.12820512820513,16.477500000000003,4.5803716659648535,15.538461538461538,44146.0,False,False
1599,392.4848484848485,323.22727272727275,27.885,5.958547197508803,15.0,59011.0,False,False
1600,396.47859922178986,760.7081712062256,108.58250000000001,11.758041200225733,19.96887159533074,71606.0,False,False
1601,393.86813186813185,1126.010989010989,38.447500000000005,6.996633290104976,52.252747252747255,180996.0,False,False
1602,391.61538461538464,338.0769230769231,10.985000000000001,3.7398578046385347,16.653846153846153,52540.0,False,False
1603,395.69924812030075,701.406015037594,56.1925,8.458517193783473,16.548872180451127,51476.0,False,False
1604,396.0709677419355,1195.6709677419356,65.48750000000001,9.131334770220834,33.73548387096774,116579.0,False,False
1605,395.78205128205127,558.1282051282051,32.955000000000005,6.477623730716943,13.602564102564102,53696.0,False,False
1606,396.0593220338983,952.5254237288135,49.855000000000004,7.967267881951225,23.923728813559322,91458.0,False,False
1607,396.3333333333333,135.8279569892473,39.292500000000004,7.073101498742004,43.54838709677419,91608.0,True,False
1608,395.94117647058823,1085.857142857143,50.2775,8.000956268498294,24.445378151260503,89944.0,False,False
1609,395.5743243243243,1210.412162162162,62.53000000000001,8.922761272851007,35.195945945945944,98336.0,False,False
1610,395.95652173913044,330.54347826086956,19.435000000000002,4.974475907261778,14.326086956521738,55049.0,False,False
1611,397.5824175824176,419.8901098901099,38.447500000000005,6.996633290104976,11.23076923076923,47311.0,False,False
1612,399.67676767676767,804.8939393939394,83.65500000000002,10.320506485382394,19.944444444444443,61508.0,False,False
1613,398.06293706293707,821.7272727272727,60.417500000000004,8.770743993187619,18.797202797202797,67945.0,False,False
1614,398.64444444444445,994.72,95.06250000000001,11.001696879181248,26.342222222222222,112929.0,False,False
1615,397.61038961038963,316.5844155844156,32.532500000000006,6.4359665543799,23.61038961038961,62966.0,False,False
1616,397.2638888888889,788.0555555555555,30.42,6.223499574262349,35.916666666666664,66483.0,False,False
1617,397.60377358490564,852.9622641509434,44.785000000000004,7.5512934660867375,26.471698113207548,77146.0,False,False
1618,397.74242424242425,569.2272727272727,27.885,5.958547197508803,10.333333333333334,61869.0,False,False
1619,399.5,610.4814814814815,45.63,7.622199185685551,16.824074074074073,80425.0,False,False
1620,400.4623655913978,945.6021505376344,39.292500000000004,7.073101498742004,29.344086021505376,100331.0,False,False
1621,400.0450450450451,503.23423423423424,46.89750000000001,7.727337934192946,12.945945945945946,44934.0,False,False
1622,401.9830508474576,518.4067796610169,49.855000000000004,7.967267881951225,14.254237288135593,44085.0,False,False
1623,400.8019801980198,905.049504950495,42.67250000000001,7.371045683803026,59.663366336633665,128801.0,False,False
1624,401.7608695652174,1046.3623188405797,58.30500000000001,8.616045012404687,30.369565217391305,94617.0,False,False
1625,400.0521739130435,1163.3130434782609,48.587500000000006,7.8653370162898755,27.495652173913044,151930.0,False,False
1626,401.20652173913044,437.3369565217391,38.870000000000005,7.034971293747812,11.16304347826087,50764.0,False,False
1627,404.5133689839572,837.8770053475936,79.00750000000001,10.029729474450614,21.614973262032084,67087.0,False,False
1628,399.5079365079365,926.8571428571429,26.617500000000003,5.8215507884058,37.92063492063492,127647.0,False,False
1629,401.8550724637681,1077.5072463768115,29.152500000000003,6.092463855279885,23.652173913043477,86071.0,False,False
1630,402.2920353982301,342.46017699115043,47.74250000000001,7.796642800880295,13.194690265486726,56976.0,False,False
1631,400.71830985915494,451.28169014084506,29.997500000000002,6.180129710871209,13.774647887323944,50229.0,False,False
1632,401.8787878787879,162.63636363636363,41.82750000000001,7.297700121093632,20.92929292929293,77921.0,False,False
1633,402.64150943396226,469.99056603773585,44.785000000000004,7.5512934660867375,20.09433962264151,48491.0,False,True
1634,401.046875,529.40625,27.040000000000003,5.867571668896666,14.796875,42943.0,False,False
1635,401.8070175438597,649.578947368421,24.082500000000003,5.537399329656889,16.49122807017544,76817.0,False,False
1636,405.09444444444443,714.8388888888888,76.05000000000001,9.840216835878625,21.872222222222224,55474.0,True,False
1637,404.9172932330827,1218.2255639097743,56.1925,8.458517193783473,20.43609022556391,92752.0,False,False
1638,403.40845070422534,292.7323943661972,29.997500000000002,6.180129710871209,21.87323943661972,78675.0,False,False
1639,404.13157894736844,935.8859649122807,48.165000000000006,7.831065232276457,31.57894736842105,113098.0,False,False
1640,405.25657894736844,1033.078947368421,64.22000000000001,9.042535239792663,29.0,112369.0,False,False
1641,404.0236220472441,1185.3228346456692,53.657500000000006,8.265521814841879,50.62992125984252,133254.0,False,False
1642,407.21311475409834,606.6803278688525,51.545,8.101180922147954,13.28688524590164,71320.0,False,False
1643,403.72727272727275,1244.4363636363637,23.2375,5.439384516724603,18.254545454545454,45011.0,False,False
1644,404.94666666666666,572.3466666666667,31.687500000000004,6.351832654737959,17.85333333333333,64365.0,False,False
1645,406.3057851239669,868.7438016528926,51.1225,8.067911044732915,25.776859504132233,81831.0,False,False
1646,406.8993288590604,883.0402684563759,62.95250000000001,8.952854988211321,34.68456375838926,102162.0,False,False
1647,404.4583333333333,1142.5208333333333,20.28,5.081466123790367,87.22916666666667,204361.0,False,False
1648,405.975,1255.2875,33.800000000000004,6.560144557252417,11.95,32440.0,False,False
1649,405.77272727272725,582.1212121212121,27.885,5.958547197508803,21.818181818181817,67031.0,False,False
1650,408.5,697.4025974025974,65.06500000000001,9.101831188183693,16.837662337662337,50755.0,False,False
1651,405.3,1231.3142857142857,29.575000000000003,6.136453335237093,25.8,69149.0,False,False
1652,407.7586206896552,421.5057471264368,36.7575,6.8411331346205175,11.471264367816092,52305.0,False,False
1653,407.9024390243902,555.3414634146342,34.645,6.641640160935379,12.170731707317072,51940.0,False,False
1654,410.2841530054645,896.8852459016393,77.31750000000001,9.92187978661609,71.19125683060109,122702.0,True,False
1655,410.5744680851064,966.7021276595744,59.572500000000005,8.709194152086374,25.822695035460992,100618.0,False,False
1656,410.19354838709677,1003.3483870967742,65.48750000000001,9.131334770220834,40.07096774193548,121618.0,False,False
1657,408.9922480620155,1133.108527131783,54.502500000000005,8.33035043001963,114.27906976744185,213026.0,True,False
1658,408.83529411764704,508.1411764705882,35.9125,6.762042232218129,12.91764705882353,44922.0,False,False
1659,408.18518518518516,632.8333333333334,22.815,5.389708731752834,18.296296296296298,75443.0,False,False
1660,409.1869158878505,778.7943925233645,45.2075,7.586829161027343,18.990654205607477,59563.0,False,False
1661,411.6193548387097,953.2774193548387,65.48750000000001,9.131334770220834,26.851612903225806,96178.0,False,False
1662,408.6111111111111,986.3333333333334,38.025000000000006,6.958084052995808,55.01111111111111,108524.0,False,False
1663,408.56140350877195,1111.5877192982457,48.165000000000006,7.831065232276457,69.10526315789474,172699.0,True,False
1664,409.85135135135135,441.0135135135135,31.265000000000004,6.309345002941657,13.81081081081081,53671.0,False,False
1665,411.625,1017.4047619047619,70.98,9.506552628860888,51.458333333333336,119595.0,False,False
1666,410.1630434782609,1199.75,38.870000000000005,7.034971293747812,39.108695652173914,121655.0,False,False
1667,411.76271186440675,480.8813559322034,49.855000000000004,7.967267881951225,13.940677966101696,48062.0,False,False
1668,410.0144927536232,539.0579710144928,29.152500000000003,6.092463855279885,13.594202898550725,45971.0,False,False
1669,411.2586206896552,927.1034482758621,49.010000000000005,7.8994601136704485,32.689655172413794,126230.0,False,False
1670,411.38260869565215,1173.5826086956522,48.587500000000006,7.8653370162898755,30.330434782608695,153456.0,False,False
1671,410.3863636363636,215.97727272727272,18.590000000000003,4.865133414062422,19.772727272727273,67314.0,True,False
1672,410.3142857142857,228.31428571428572,14.787500000000001,4.339127765780955,15.428571428571429,68827.0,True,False
1673,412.1869158878505,598.4766355140187,45.2075,7.586829161027343,19.738317757009344,69943.0,False,False
1674,413.275,791.6833333333333,50.7,8.034503402082343,17.766666666666666,58016.0,False,False
1675,412.51612903225805,805.1451612903226,52.39000000000001,8.167314108608483,17.14516129032258,57376.0,False,False
1676,413.74242424242425,915.8181818181819,55.77,8.426658258757147,82.25,130110.0,True,True
1677,413.33720930232556,498.0232558139535,36.335,6.801702644040839,8.325581395348838,46213.0,False,False
1678,414.74468085106383,1142.0283687943263,59.572500000000005,8.709194152086374,74.79432624113475,210776.0,False,False
1679,412.9767441860465,252.04651162790697,18.1675,4.809530063215748,20.74418604651163,67775.0,False,False
1680,416.6027397260274,718.972602739726,61.68500000000001,8.86226727857993,21.726027397260275,55850.0,True,False
1681,413.6081081081081,829.9054054054054,31.265000000000004,6.309345002941657,15.567567567567568,59312.0,False,False
1682,416.32167832167835,1043.090909090909,60.417500000000004,8.770743993187619,35.38461538461539,101529.0,False,False
1683,413.8253968253968,1154.6984126984128,53.23500000000001,8.232916079007266,70.17460317460318,191125.0,False,False
1684,414.3164556962025,14.30379746835443,33.377500000000005,6.519014718835807,12.746835443037975,38336.0,False,False
1685,415.79432624113474,747.4255319148937,59.572500000000005,8.709194152086374,15.893617021276595,53870.0,False,False
1686,413.7654320987654,855.074074074074,34.222500000000004,6.601018127508749,19.950617283950617,65737.0,False,False
1687,415.3265306122449,1095.3979591836735,41.405,7.260749503306075,35.244897959183675,129201.0,False,False
1688,415.71812080536915,1119.268456375839,62.95250000000001,8.952854988211321,101.51006711409396,186853.0,True,False
1689,416.3369565217391,514.75,38.870000000000005,7.034971293747812,11.576086956521738,44692.0,False,False
1690,416.3626373626374,936.2637362637363,38.447500000000005,6.996633290104976,45.81318681318681,114504.0,False,False
1691,416.24418604651163,351.5348837209302,36.335,6.801702644040839,17.941860465116278,63563.0,False,False
1692,417.5255474452555,864.3503649635037,57.88250000000001,8.584770698634475,21.48905109489051,68431.0,False,False
1693,418.6938775510204,979.1938775510204,41.405,7.260749503306075,48.61224489795919,104051.0,False,False
1694,416.88461538461536,989.1826923076923,43.940000000000005,7.479715609277069,56.46153846153846,113447.0,False,False
1695,414.5,1257.6363636363637,9.295000000000002,3.440168828460798,18.045454545454547,31984.0,False,False
1696,418.287037037037,243.7037037037037,45.63,7.622199185685551,20.324074074074073,68309.0,True,False
1697,417.3636363636364,317.77272727272725,27.885,5.958547197508803,17.424242424242426,56784.0,False,False
1698,416.6857142857143,1053.9285714285713,29.575000000000003,6.136453335237093,30.442857142857143,91620.0,False,False
1699,418.44604316546764,1071.978417266187,58.727500000000006,8.647206217237697,23.37410071942446,93622.0,False,False
1700,417.32,1229.3333333333333,31.687500000000004,6.351832654737959,21.453333333333333,77050.0,False,False
1701,419.8659793814433,290.7216494845361,40.9825,7.22360987610134,20.22680412371134,67127.0,False,False
1702,419.28187919463085,382.4496644295302,62.95250000000001,8.952854988211321,16.34228187919463,59504.0,False,False
1703,418.56043956043953,463.61538461538464,38.447500000000005,6.996633290104976,18.571428571428573,50651.0,False,False
1704,419.62745098039215,503.1078431372549,43.095000000000006,7.407446130776911,13.42156862745098,44972.0,False,False
1705,418.5978260869565,1187.0869565217392,38.870000000000005,7.034971293747812,64.19565217391305,143300.0,True,True
1706,419.66153846153844,583.6153846153846,27.462500000000002,5.913234393907399,17.6,67169.0,False,False
1707,419.15942028985506,658.3333333333334,29.152500000000003,6.092463855279885,11.594202898550725,50126.0,False,False
1708,422.0490797546012,1010.4662576687117,68.8675,9.364017532397558,51.16564417177914,123754.0,False,False
1709,418.85074626865674,1241.2835820895523,28.307500000000005,6.003518003020447,17.73134328358209,55647.0,False,False
1710,424.9010989010989,763.8791208791209,76.89500000000001,9.894733689817546,11.23076923076923,46386.0,False,False
1711,423.5138888888889,815.4513888888889,60.84,8.801357503344999,15.11111111111111,51884.0,False,False
1712,420.80281690140845,557.4507042253521,29.997500000000002,6.180129710871209,18.028169014084508,54805.0,False,False
1713,426.5695067264574,1082.3497757847533,94.21750000000002,10.952691304245054,35.403587443946186,109094.0,False,False
1714,421.5147058823529,1222.4264705882354,28.730000000000004,6.048154439185661,17.58823529411765,90027.0,False,False
1715,421.60869565217394,571.1739130434783,19.435000000000002,4.974475907261778,16.695652173913043,63733.0,False,False
1716,424.0403587443946,898.9461883408072,94.21750000000002,10.952691304245054,25.6457399103139,108657.0,False,False
1717,425.3967391304348,1148.75,77.74000000000001,9.948951814523555,119.65760869565217,199144.0,True,True
1718,423.77450980392155,1178.8529411764705,43.095000000000006,7.407446130776911,43.627450980392155,164073.0,False,False
1719,421.5609756097561,15.268292682926829,17.3225,4.696348795998318,14.536585365853659,39361.0,False,False
1720,423.82,55.69,42.25000000000001,7.3344645861208315,14.29,62456.0,False,False
1721,424.8780487804878,417.5365853658537,34.645,6.641640160935379,19.536585365853657,58751.0,False,False
1722,424.41379310344826,840.5689655172414,49.010000000000005,7.8994601136704485,15.482758620689655,54421.0,False,False
1723,423.22972972972974,1098.2297297297298,31.265000000000004,6.309345002941657,43.2027027027027,139491.0,False,False
1724,425.3766233766234,216.41558441558442,32.532500000000006,6.4359665543799,21.155844155844157,65891.0,True,False
1725,426.36,223.73,42.25000000000001,7.3344645861208315,27.52,67205.0,True,False
1726,427.44525547445255,953.0583941605839,57.88250000000001,8.584770698634475,27.043795620437955,93922.0,False,False
1727,425.74528301886795,992.8301886792453,44.785000000000004,7.5512934660867375,54.14150943396226,113231.0,False,False
1728,426.90909090909093,1164.0389610389611,65.06500000000001,9.101831188183693,77.29220779220779,174361.0,True,False
1729,426.11475409836066,431.8196721311475,51.545,8.101180922147954,29.75409836065574,59672.0,True,False
1730,425.85393258426967,927.629213483146,37.602500000000006,6.919320051920128,32.26966292134831,114540.0,False,False
1731,424.7857142857143,935.9107142857143,23.660000000000004,5.488610719338178,44.42857142857143,110740.0,False,False
1732,425.3008130081301,1118.2276422764228,51.96750000000001,8.134314724734013,64.63414634146342,179696.0,False,False
1733,425.95327102803736,1136.056074766355,45.2075,7.586829161027343,72.11214953271028,214410.0,False,False
1734,424.6666666666667,1.1904761904761905,8.8725,3.361073914787167,12.80952380952381,24244.0,False,False
1735,426.61538461538464,398.6025641025641,32.955000000000005,6.477623730716943,13.85897435897436,57094.0,False,False
1736,425.12,452.7,21.125000000000004,5.186249645218625,17.44,55999.0,False,False
1737,430.02941176470586,878.2235294117647,71.825,9.562971834142516,20.676470588235293,67982.0,False,False
1738,427.359649122807,915.6578947368421,48.165000000000006,7.831065232276457,43.64912280701754,115422.0,False,False
1739,429.92233009708735,1019.5,87.03500000000001,10.526937055764364,41.37864077669903,113698.0,False,False
1740,427.3615384615385,1046.5461538461539,54.925000000000004,8.362576277354894,40.86923076923077,97254.0,False,False
1741,428.78125,275.46875,40.56,7.186278309003779,26.104166666666668,66996.0,False,False
1742,428.56756756756755,664.2162162162163,31.265000000000004,6.309345002941657,12.202702702702704,50340.0,False,False
1743,427.6666666666667,1256.4791666666667,20.28,5.081466123790367,16.416666666666668,35667.0,False,False
1744,426.5833333333333,326.2083333333333,10.14,3.5931391545018894,15.291666666666666,56507.0,False,False
1745,428.7638888888889,789.0347222222222,60.84,8.801357503344999,15.916666666666666,48565.0,False,False
1746,429.4423076923077,1061.9423076923076,65.91000000000001,9.160743331929707,23.73076923076923,98733.0,False,False
1747,427.02941176470586,1203.75,28.730000000000004,6.048154439185661,65.69117647058823,125648.0,True,False
1748,428.78,23.28,21.125000000000004,5.186249645218625,14.68,47749.0,False,False
1749,430.5,261.5,43.095000000000006,7.407446130776911,25.205882352941178,69839.0,True,False
1750,428.2857142857143,698.8333333333334,17.745,4.753276314430444,13.142857142857142,47495.0,False,False
1751,430.35051546391753,868.2164948453608,40.9825,7.22360987610134,17.298969072164947,58138.0,False,False
1752,430.2083333333333,1243.6354166666667,40.56,7.186278309003779,18.125,55782.0,False,False
1753,430.15384615384613,363.64102564102564,32.955000000000005,6.477623730716943,47.55128205128205,63903.0,True,False
1754,432.8881118881119,1002.8811188811189,60.417500000000004,8.770743993187619,41.83216783216783,114048.0,False,False
1755,433.74054054054056,1105.3945945945945,78.16250000000001,9.9759503765487,35.16216216216216,143118.0,False,False
1756,430.038961038961,1226.922077922078,32.532500000000006,6.4359665543799,21.051948051948052,82459.0,False,False
1757,430.7391304347826,51.891304347826086,19.435000000000002,4.974475907261778,27.97826086956522,60811.0,False,True
1758,433.8992248062016,437.4031007751938,54.502500000000005,8.33035043001963,17.589147286821706,62096.0,True,False
1759,434.3206106870229,1180.6106870229007,55.347500000000004,8.394678415652944,52.6412213740458,163352.0,False,False
1760,434.55555555555554,728.2361111111111,60.84,8.801357503344999,15.416666666666666,49882.0,False,False
1761,432.34,530.62,21.125000000000004,5.186249645218625,11.26,51417.0,False,False
1762,434.7,933.725,50.7,8.034503402082343,34.31666666666667,99303.0,False,False
1763,435.50857142857143,986.8,73.93750000000001,9.702584647343,29.285714285714285,100643.0,False,False
1764,433.5232558139535,1197.8372093023256,36.335,6.801702644040839,57.66279069767442,132174.0,True,False
1765,435.7168674698795,353.3855421686747,70.135,9.449796583524995,30.42168674698795,65686.0,True,False
1766,436.2121212121212,829.5555555555555,41.82750000000001,7.297700121093632,19.717171717171716,47671.0,False,False
1767,435.6031746031746,901.4920634920635,53.23500000000001,8.232916079007266,18.3015873015873,89077.0,False,False
1768,434.3333333333333,1115.648148148148,22.815,5.389708731752834,47.648148148148145,155243.0,False,False
1769,434.91379310344826,1128.1724137931035,49.010000000000005,7.8994601136704485,45.758620689655174,184587.0,False,False
1770,436.0086206896552,1169.094827586207,49.010000000000005,7.8994601136704485,30.25862068965517,171210.0,True,False
1771,434.5238095238095,1217.4857142857143,44.362500000000004,7.51558975086544,24.704761904761906,101604.0,False,False
1772,435.7846153846154,62.46153846153846,27.462500000000002,5.913234393907399,25.46153846153846,62406.0,True,True
1773,434.8688524590164,710.5901639344262,25.7725,5.728399965669906,16.770491803278688,48054.0,False,False
1774,435.95180722891564,912.6506024096385,35.0675,6.682015245043993,25.85542168674699,97978.0,False,False
1775,436.8411214953271,1067.5514018691588,45.2075,7.586829161027343,25.093457943925234,98214.0,False,False
1776,437.11650485436894,39.029126213592235,43.517500000000005,7.443668577254932,26.893203883495147,54103.0,False,False
1777,437.67045454545456,853.7045454545455,37.18000000000001,6.880337656921596,16.03409090909091,49332.0,False,False
1778,438.1923076923077,971.2384615384616,54.925000000000004,8.362576277354894,23.123076923076923,88777.0,False,False
1779,436.7173913043478,1042.4673913043478,38.870000000000005,7.034971293747812,30.380434782608695,95130.0,False,False
1780,435.67241379310343,1232.948275862069,24.505000000000003,5.58576181408903,25.017241379310345,74741.0,False,False
1781,436.9382716049383,1252.4938271604938,34.222500000000004,6.601018127508749,25.864197530864196,45361.0,False,False
1782,439.07971014492756,394.80434782608694,58.30500000000001,8.616045012404687,15.289855072463768,56963.0,False,False
1783,436.60655737704917,549.8688524590164,25.7725,5.728399965669906,19.83606557377049,58832.0,False,False
1784,438.5858585858586,639.3131313131313,41.82750000000001,7.297700121093632,11.787878787878787,54427.0,False,False
1785,436.36,921.88,21.125000000000004,5.186249645218625,22.82,98918.0,False,False
1786,439.6701030927835,845.2577319587629,40.9825,7.22360987610134,12.75257731958763,47122.0,False,False
1787,438.6931818181818,1053.0454545454545,37.18000000000001,6.880337656921596,29.056818181818183,95594.0,False,False
1788,439.1720430107527,1145.9139784946237,39.292500000000004,7.073101498742004,55.26881720430107,180316.0,False,False
1789,438.88421052631577,1155.421052631579,40.1375,7.148751795020415,76.3157894736842,170267.0,False,False
1790,438.0769230769231,47.15384615384615,16.477500000000003,4.5803716659648535,38.56410256410256,58505.0,False,False
1791,438.57894736842104,580.8245614035088,24.082500000000003,5.537399329656889,26.649122807017545,66379.0,False,False
1792,437.7027027027027,608.6756756756756,15.632500000000002,4.4613806364255035,18.2972972972973,62088.0,False,False
1793,440.640350877193,1090.2280701754387,48.165000000000006,7.831065232276457,52.280701754385966,111022.0,False,False
1794,441.24817518248176,237.5985401459854,57.88250000000001,8.584770698634475,21.226277372262775,66293.0,True,False
1795,441.95,698.4833333333333,50.7,8.034503402082343,11.283333333333333,48048.0,False,False
1796,440.39473684210526,816.8815789473684,32.11000000000001,6.394037987175715,19.82894736842105,49651.0,False,False
1797,441.37606837606836,1078.034188034188,49.432500000000005,7.933436443000028,57.81196581196581,100187.0,False,False
1798,440.30263157894734,1187.7763157894738,32.11000000000001,6.394037987175715,41.88157894736842,141637.0,True,False
1799,441.1363636363636,1204.875,37.18000000000001,6.880337656921596,21.443181818181817,123748.0,False,False
1800,442.5507246376812,341.95652173913044,29.152500000000003,6.092463855279885,18.115942028985508,66058.0,False,False
1801,440.5409836065574,491.44262295081967,25.7725,5.728399965669906,12.868852459016393,50626.0,False,False
1802,441.961038961039,593.7532467532468,32.532500000000006,6.4359665543799,17.09090909090909,66991.0,False,False
1803,443.2093023255814,761.922480620155,54.502500000000005,8.33035043001963,8.86046511627907,43148.0,False,False
1804,443.5466666666667,961.0933333333334,31.687500000000004,6.351832654737959,19.92,81545.0,False,False
1805,441.25,1017.4666666666667,25.35,5.681251839078812,28.233333333333334,105553.0,False,False
1806,441.9,1138.85,25.35,5.681251839078812,35.516666666666666,173882.0,False,False
1807,442.0,536.75,27.040000000000003,5.867571668896666,18.78125,57791.0,False,False
1808,444.0,997.0927835051547,40.9825,7.22360987610134,37.74226804123711,94940.0,False,False
1809,440.8,1238.2,16.900000000000002,4.638722701997206,17.675,65777.0,False,False
1810,443.67692307692306,282.3692307692308,27.462500000000002,5.913234393907399,20.153846153846153,61678.0,False,False
1811,444.4329896907216,378.2371134020619,40.9825,7.22360987610134,15.195876288659793,61635.0,False,True
1812,443.0253164556962,520.126582278481,33.377500000000005,6.519014718835807,20.39240506329114,54461.0,False,False
1813,445.2456140350877,745.4122807017544,48.165000000000006,7.831065232276457,13.605263157894736,44402.0,False,False
1814,443.20588235294116,786.3235294117648,28.730000000000004,6.048154439185661,15.058823529411764,49457.0,False,False
1815,445.21379310344827,800.4275862068965,61.2625,8.831864899857669,12.806896551724138,52830.0,False,False
1816,445.1418918918919,870.8851351351351,62.53000000000001,8.922761272851007,13.263513513513514,47881.0,False,False
1817,444.68888888888887,923.4222222222222,76.05000000000001,9.840216835878625,31.06111111111111,82700.0,False,False
1818,444.54285714285714,948.4666666666667,44.362500000000004,7.51558975086544,23.590476190476192,79528.0,False,False
1819,444.6,610.5846153846154,27.462500000000002,5.913234393907399,28.2,61665.0,False,False
1820,445.38461538461536,1133.323076923077,27.462500000000002,5.913234393907399,32.6,159243.0,False,False
1821,446.1686746987952,62.2289156626506,35.0675,6.682015245043993,14.409638554216867,60140.0,True,True
1822,444.2162162162162,289.18918918918916,15.632500000000002,4.4613806364255035,19.405405405405407,59872.0,False,False
1823,445.7926829268293,689.7682926829268,34.645,6.641640160935379,14.975609756097562,49414.0,False,False
1824,448.35403726708074,774.4223602484471,68.02250000000001,9.306392261867519,9.639751552795031,46888.0,False,False
1825,445.95238095238096,936.8571428571429,26.617500000000003,5.8215507884058,47.12698412698413,78971.0,True,True
1826,447.3262411347518,1123.5390070921985,59.572500000000005,8.709194152086374,28.319148936170212,134552.0,False,False
1827,446.5,649.5,32.11000000000001,6.394037987175715,13.092105263157896,54890.0,False,False
1828,447.4074074074074,714.679012345679,34.222500000000004,6.601018127508749,14.012345679012345,48590.0,False,False
1829,446.35051546391753,986.4123711340206,40.9825,7.22360987610134,25.8659793814433,86621.0,False,False
1830,447.88429752066116,1005.5041322314049,51.1225,8.067911044732915,26.322314049586776,90111.0,False,False
1831,445.0740740740741,501.5925925925926,11.4075,3.8110995928427753,14.666666666666666,55273.0,False,False
1832,449.44978165938863,823.3056768558952,96.75250000000001,11.099058926413035,14.117903930131005,47597.0,False,False
1833,447.9235294117647,1049.8235294117646,71.825,9.562971834142516,27.858823529411765,87629.0,False,False
1834,450.5,1072.7102272727273,74.36000000000001,9.730266828124844,32.48295454545455,96118.0,False,False
1835,447.6666666666667,1150.0987654320988,34.222500000000004,6.601018127508749,58.82716049382716,161114.0,False,False
1836,447.54545454545456,407.5090909090909,23.2375,5.439384516724603,18.6,60344.0,False,False
1837,448.1764705882353,459.9117647058824,28.730000000000004,6.048154439185661,14.911764705882353,52718.0,False,False
1838,450.1707317073171,473.0406504065041,51.96750000000001,8.134314724734013,16.764227642276424,52932.0,False,False
1839,449.2616822429907,1111.411214953271,45.2075,7.586829161027343,30.542056074766354,114570.0,False,False
1840,449.5344827586207,36.89655172413793,24.505000000000003,5.58576181408903,14.155172413793103,52764.0,False,False
1841,449.04,530.06,21.125000000000004,5.186249645218625,21.48,60755.0,False,False
1842,451.5241935483871,845.5806451612904,52.39000000000001,8.167314108608483,12.338709677419354,42887.0,False,False
1843,451.3070175438597,1160.517543859649,48.165000000000006,7.831065232276457,37.73684210526316,154983.0,False,False
1844,449.93333333333334,1194.8533333333332,31.687500000000004,6.351832654737959,45.84,124882.0,True,False
1845,449.4032258064516,1220.1935483870968,26.195000000000004,5.775163190277621,26.112903225806452,93786.0,False,False
1846,451.75581395348837,51.151162790697676,36.335,6.801702644040839,14.511627906976743,57956.0,True,True
1847,453.1145833333333,363.7604166666667,40.56,7.186278309003779,16.40625,65403.0,False,True
1848,453.5060975609756,1090.1829268292684,69.29,9.392697591996637,41.073170731707314,99332.0,False,False
1849,452.1034482758621,23.586206896551722,24.505000000000003,5.58576181408903,11.362068965517242,43221.0,False,False
1850,451.0,306.6,10.562500000000002,3.6672322930604158,14.04,62310.0,False,False
1851,451.02564102564105,966.4358974358975,16.477500000000003,4.5803716659648535,21.358974358974358,70222.0,False,False
1852,453.609022556391,1140.6616541353383,56.1925,8.458517193783473,56.92481203007519,138532.0,False,False
1853,454.17525773195877,485.6185567010309,40.9825,7.22360987610134,20.061855670103093,59373.0,False,False
1854,452.53333333333336,497.55,25.35,5.681251839078812,16.866666666666667,64425.0,False,False
1855,455.14516129032256,934.4596774193549,52.39000000000001,8.167314108608483,29.016129032258064,66003.0,False,False
1856,458.6025641025641,1014.1730769230769,65.91000000000001,9.160743331929707,22.66025641025641,74897.0,False,False
1857,456.30046948356807,1172.8028169014085,89.9925,10.704298656594888,33.798122065727696,137395.0,False,False
1858,456.5826771653543,905.8425196850394,53.657500000000006,8.265521814841879,13.440944881889763,53274.0,False,False
1859,454.6,988.709090909091,46.475,7.692451354514157,23.01818181818182,75580.0,False,False
1860,453.39130434782606,1.6521739130434783,9.717500000000001,3.517485646873906,11.304347826086957,20692.0,False,False
1861,455.27884615384613,398.4807692307692,43.940000000000005,7.479715609277069,15.23076923076923,55200.0,False,True
1862,459.3448275862069,289.8534482758621,49.010000000000005,7.8994601136704485,15.258620689655173,60341.0,False,False
1863,455.5869565217391,669.2173913043479,19.435000000000002,4.974475907261778,26.195652173913043,59691.0,True,False
1864,459.6441717791411,714.2638036809816,68.8675,9.364017532397558,14.693251533742332,55813.0,False,False
1865,456.55172413793105,757.2413793103449,36.7575,6.8411331346205175,13.25287356321839,44253.0,False,False
1866,456.1578947368421,799.3859649122807,24.082500000000003,5.537399329656889,18.12280701754386,60800.0,False,False
1867,460.520202020202,1064.489898989899,83.65500000000002,10.320506485382394,24.18686868686869,85912.0,False,False
1868,461.59859154929575,695.4154929577464,59.995000000000005,8.740023254338977,14.049295774647888,59693.0,False,False
1869,459.3647798742138,737.062893081761,67.17750000000001,9.24840794496255,15.062893081761006,48658.0,False,True
1870,458.3679245283019,1003.4905660377359,44.785000000000004,7.5512934660867375,24.037735849056602,73838.0,False,False
1871,458.6090909090909,1128.1727272727273,46.475,7.692451354514157,29.318181818181817,113718.0,False,False
1872,457.4318181818182,501.6818181818182,18.590000000000003,4.865133414062422,19.318181818181817,71601.0,False,False
1873,456.5128205128205,917.4102564102565,16.477500000000003,4.5803716659648535,14.743589743589743,59813.0,False,False
1874,460.1261261261261,1047.7342342342342,93.79500000000002,10.928106107575758,24.004504504504503,72430.0,False,False
1875,460.19875776397515,1105.3229813664595,68.02250000000001,9.306392261867519,30.062111801242235,94164.0,False,False
1876,458.75,1227.95,33.800000000000004,6.560144557252417,19.0,85746.0,False,False
1877,460.2258064516129,428.0860215053763,39.292500000000004,7.073101498742004,26.612903225806452,64253.0,False,True
1878,459.0925925925926,590.074074074074,22.815,5.389708731752834,18.333333333333332,67659.0,False,False
1879,459.90625,684.0416666666666,40.56,7.186278309003779,15.822916666666666,61705.0,False,False
1880,462.1212121212121,957.8,69.7125,9.421290344870497,17.387878787878787,60743.0,False,False
1881,459.06976744186045,11.209302325581396,18.1675,4.809530063215748,10.813953488372093,27454.0,False,False
1882,461.5810810810811,258.5,31.265000000000004,6.309345002941657,18.7972972972973,60907.0,False,False
1883,459.8333333333333,329.6666666666667,38.025000000000006,6.958084052995808,16.511111111111113,81278.0,False,False
1884,459.86046511627904,527.0697674418604,18.1675,4.809530063215748,23.27906976744186,71606.0,False,False
1885,462.03478260869565,828.9652173913043,48.587500000000006,7.8653370162898755,11.208695652173914,46380.0,False,False
1886,461.78504672897196,1082.0093457943926,45.2075,7.586829161027343,33.626168224299064,92505.0,False,False
1887,465.04615384615386,1117.774358974359,82.3875,10.24202240731137,19.205128205128204,92555.0,False,False
1888,460.92857142857144,51.68571428571428,29.575000000000003,6.136453335237093,23.942857142857143,54696.0,False,False
1889,459.6774193548387,628.0967741935484,13.097500000000002,4.083657054304242,16.419354838709676,60188.0,False,False
1890,461.4078947368421,970.6842105263158,32.11000000000001,6.394037987175715,17.236842105263158,60221.0,False,False
1891,463.27142857142854,993.8071428571428,59.150000000000006,8.67825553156191,16.735714285714284,66026.0,False,False
1892,460.8732394366197,1150.5492957746478,29.997500000000002,6.180129710871209,54.71830985915493,126825.0,True,False
1893,462.60526315789474,233.3684210526316,32.11000000000001,6.394037987175715,10.736842105263158,58687.0,False,False
1894,464.4661654135338,808.6842105263158,56.1925,8.458517193783473,23.398496240601503,68115.0,False,False
1895,462.79831932773106,845.1932773109244,50.2775,8.000956268498294,11.588235294117647,39256.0,False,False
1896,463.2535211267606,560.0281690140845,29.997500000000002,6.180129710871209,19.323943661971832,66861.0,False,False
1897,464.94610778443115,891.6526946107784,70.5575,9.47821708854842,13.574850299401197,42334.0,False,True
1898,466.54954954954957,1205.4054054054054,46.89750000000001,7.727337934192946,27.7027027027027,107978.0,False,False
1899,464.94594594594594,19.013513513513512,31.265000000000004,6.309345002941657,11.72972972972973,34697.0,False,False
1900,463.9767441860465,521.0232558139535,18.1675,4.809530063215748,21.6046511627907,79073.0,False,False
1901,463.90625,912.96875,13.520000000000001,4.148999716174901,12.0,52097.0,False,False
1902,465.19417475728153,1194.4271844660195,43.517500000000005,7.443668577254932,60.786407766990294,116010.0,False,False
1903,467.45871559633025,1184.119266055046,46.0525,7.6574058357851245,39.11926605504587,121454.0,False,False
1904,469.78395061728395,793.9506172839506,68.44500000000001,9.335249361393526,31.808641975308642,86947.0,False,False
1905,467.74074074074076,978.7654320987655,34.222500000000004,6.601018127508749,19.432098765432098,58598.0,False,False
1906,467.16494845360825,1131.1340206185566,40.9825,7.22360987610134,31.855670103092784,99473.0,False,False
1907,469.19,495.61,42.25000000000001,7.3344645861208315,24.33,86226.0,False,False
1908,470.0360824742268,1028.2680412371135,81.965,10.215727056074748,20.164948453608247,62272.0,False,False
1909,468.1818181818182,421.6969696969697,13.9425,4.2133291293785735,24.939393939393938,65307.0,False,False
1910,472.03355704697987,1173.6979865771812,62.95250000000001,8.952854988211321,40.852348993288594,130324.0,False,False
1911,469.1095890410959,1214.4657534246576,30.842500000000005,6.266569289371519,27.767123287671232,102203.0,False,False
1912,470.35714285714283,235.05714285714285,29.575000000000003,6.136453335237093,18.757142857142856,59534.0,False,False
1913,469.53846153846155,351.61538461538464,21.970000000000002,5.288957628666685,25.076923076923077,74801.0,False,False
1914,470.96610169491527,1045.6440677966102,49.855000000000004,7.967267881951225,21.02542372881356,63434.0,True,False
1915,471.62745098039215,1078.1078431372548,43.095000000000006,7.407446130776911,30.313725490196077,78082.0,False,False
1916,472.5131578947368,299.35526315789474,32.11000000000001,6.394037987175715,15.131578947368421,70756.0,False,False
1917,470.3529411764706,455.0,21.547500000000003,5.237855390346407,10.764705882352942,60332.0,False,False
1918,470.9054054054054,599.2972972972973,31.265000000000004,6.309345002941657,20.216216216216218,69386.0,False,False
1919,472.44166666666666,928.6666666666666,50.7,8.034503402082343,12.316666666666666,51483.0,False,False
1920,473.1449275362319,1010.5869565217391,58.30500000000001,8.616045012404687,18.89855072463768,57549.0,False,False
1921,475.6015037593985,1239.827067669173,56.1925,8.458517193783473,22.789473684210527,78547.0,False,False
1922,475.88439306358384,1133.2774566473988,73.0925,9.646981985240508,26.92485549132948,90413.0,False,False
1923,473.1609195402299,1147.9770114942528,36.7575,6.8411331346205175,57.793103448275865,105977.0,True,False
1924,473.3723404255319,1229.3297872340424,39.715,7.1110272478142695,30.24468085106383,90206.0,False,False
1925,474.9186991869919,365.0894308943089,51.96750000000001,8.134314724734013,14.853658536585366,61662.0,False,False
1926,473.47435897435895,482.4230769230769,32.955000000000005,6.477623730716943,25.71794871794872,84825.0,False,False
1927,472.02,751.98,21.125000000000004,5.186249645218625,16.58,51176.0,False,False
1928,476.15503875968994,511.5348837209302,54.502500000000005,8.33035043001963,44.63565891472868,89943.0,True,False
1929,476.0964912280702,915.2982456140351,48.165000000000006,7.831065232276457,13.078947368421053,44310.0,False,False
1930,474.7345132743363,964.0796460176991,47.74250000000001,7.796642800880295,13.991150442477876,51247.0,False,False
1931,475.3943661971831,1106.7957746478874,59.995000000000005,8.740023254338977,21.12676056338028,71948.0,True,False
1932,476.23880597014926,400.9850746268657,28.307500000000005,6.003518003020447,14.313432835820896,62215.0,False,False
1933,474.16326530612247,761.4285714285714,20.7025,5.134125210284583,14.36734693877551,59057.0,False,False
1934,476.87,997.98,42.25000000000001,7.3344645861208315,17.18,53634.0,False,False
1935,475.9791666666667,1062.7916666666667,40.56,7.186278309003779,19.354166666666668,65679.0,False,False
1936,476.6132075471698,1087.3301886792453,44.785000000000004,7.5512934660867375,22.88679245283019,73169.0,False,False
1937,475.6730769230769,38.11538461538461,21.970000000000002,5.288957628666685,11.634615384615385,46064.0,False,False
1938,476.7435897435897,876.1025641025641,32.955000000000005,6.477623730716943,9.448717948717949,38142.0,False,False
1939,477.3414634146341,86.71951219512195,34.645,6.641640160935379,13.670731707317072,58925.0,False,False
1940,476.98,443.26,21.125000000000004,5.186249645218625,17.08,63142.0,False,False
1941,478.7164179104478,981.3955223880597,56.61500000000001,8.490256581822557,14.76865671641791,50839.0,False,False
1942,479.6554054054054,1052.3581081081081,62.53000000000001,8.922761272851007,16.25,57825.0,False,False
1943,479.0381679389313,1219.8396946564885,55.347500000000004,8.394678415652944,31.366412213740457,95001.0,False,False
1944,478.98823529411766,206.9294117647059,35.9125,6.762042232218129,14.329411764705883,62526.0,False,False
1945,479.56296296296296,327.0740740740741,57.03750000000001,8.521877758618217,65.0,85859.0,True,True
1946,477.45,425.725,16.900000000000002,4.638722701997206,20.85,64889.0,False,False
1947,479.2842105263158,771.4315789473684,40.1375,7.148751795020415,16.2,91915.0,False,False
1948,478.4642857142857,796.7142857142857,23.660000000000004,5.488610719338178,39.089285714285715,107035.0,False,False
1949,481.6808510638298,526.2198581560284,59.572500000000005,8.709194152086374,29.319148936170212,85148.0,False,False
1950,480.01,1032.06,42.25000000000001,7.3344645861208315,14.57,54514.0,False,False
1951,482.2269503546099,1073.099290780142,59.572500000000005,8.709194152086374,19.092198581560282,61455.0,False,False
1952,479.54545454545456,1096.5454545454545,27.885,5.958547197508803,19.40909090909091,69207.0,True,False
1953,480.495652173913,1155.4782608695652,48.587500000000006,7.8653370162898755,29.48695652173913,117008.0,False,False
1954,479.468085106383,1182.287234042553,39.715,7.1110272478142695,30.04255319148936,126066.0,False,False
1955,478.9791666666667,51.083333333333336,20.28,5.081466123790367,33.395833333333336,47818.0,False,False
1956,479.875,263.734375,27.040000000000003,5.867571668896666,20.6875,58382.0,False,False
1957,481.02247191011236,283.30337078651684,37.602500000000006,6.919320051920128,25.02247191011236,57060.0,False,False
1958,480.14666666666665,410.62666666666667,31.687500000000004,6.351832654737959,22.333333333333332,64525.0,False,False
1959,483.17333333333335,1192.98,63.37500000000001,8.982847886254723,32.553333333333335,119951.0,False,False
1960,480.02941176470586,1257.3235294117646,14.365000000000002,4.276691017611702,32.8235294117647,48537.0,False,False
1961,479.037037037037,654.8148148148148,11.4075,3.8110995928427753,19.703703703703702,68324.0,False,False
1962,479.9375,947.9791666666666,20.28,5.081466123790367,19.083333333333332,46656.0,False,False
1963,482.5263157894737,1022.4605263157895,32.11000000000001,6.394037987175715,16.36842105263158,51883.0,False,False
1964,481.7413793103448,113.70689655172414,24.505000000000003,5.58576181408903,62.189655172413794,84938.0,True,False
1965,481.953125,246.171875,27.040000000000003,5.867571668896666,15.9375,60690.0,False,False
1966,482.3103448275862,300.5287356321839,36.7575,6.8411331346205175,22.022988505747126,72043.0,False,False
1967,481.6938775510204,644.8979591836735,20.7025,5.134125210284583,18.285714285714285,65533.0,False,False
1968,480.7352941176471,677.8823529411765,14.365000000000002,4.276691017611702,40.76470588235294,69166.0,True,False
1969,483.09448818897636,818.2283464566929,53.657500000000006,8.265521814841879,14.440944881889763,80481.0,False,False
1970,480.56,928.16,21.125000000000004,5.186249645218625,14.26,45078.0,False,False
1971,484.52,145.6,31.687500000000004,6.351832654737959,12.493333333333334,63604.0,False,False
1972,483.90384615384613,705.4230769230769,21.970000000000002,5.288957628666685,31.53846153846154,74356.0,False,False
1973,491.13937282229966,745.5993031358885,121.25750000000001,12.425370984229163,17.4006968641115,63150.0,False,False
1974,487.3333333333333,1122.16091954023,73.515,9.6748232609803,21.804597701149426,65148.0,False,False
1975,484.9855072463768,387.59420289855075,29.152500000000003,6.092463855279885,11.884057971014492,55490.0,False,False
1976,486.3763440860215,509.6774193548387,39.292500000000004,7.073101498742004,63.526881720430104,94638.0,True,False
1977,486.2,94.9,29.575000000000003,6.136453335237093,20.185714285714287,69637.0,False,False
1978,486.53846153846155,483.38461538461536,32.955000000000005,6.477623730716943,35.30769230769231,94493.0,False,False
1979,493.9942363112392,919.6599423631123,146.60750000000002,13.662593697931603,14.913544668587896,40460.0,False,False
1980,488.40495867768595,1210.3553719008264,51.1225,8.067911044732915,38.51239669421488,96327.0,False,False
1981,488.5238095238095,238.07142857142858,53.23500000000001,8.232916079007266,18.404761904761905,66348.0,False,False
1982,487.7368421052632,494.6421052631579,40.1375,7.148751795020415,37.0,96784.0,False,False
1983,493.1666666666667,1243.2708333333333,121.68,12.446999148524698,28.19097222222222,69514.0,False,False
1984,488.4054054054054,62.027027027027025,31.265000000000004,6.309345002941657,8.567567567567568,45954.0,False,False
1985,488.4742268041237,133.7835051546392,40.9825,7.22360987610134,13.56701030927835,75109.0,False,False
1986,490.5705128205128,205.8846153846154,65.91000000000001,9.160743331929707,17.006410256410255,78127.0,False,False
1987,489.8984375,269.2890625,54.080000000000005,8.297999432349801,15.5546875,54657.0,False,False
1988,492.7004830917874,327.8309178743961,87.45750000000001,10.552456940621719,29.246376811594203,82799.0,False,False
1989,489.8130081300813,1135.878048780488,51.96750000000001,8.134314724734013,19.15447154471545,75566.0,False,False
1990,488.5593220338983,183.96610169491527,24.927500000000002,5.633709146857493,8.084745762711865,63132.0,False,False
1991,490.9009900990099,551.4158415841584,42.67250000000001,7.371045683803026,21.663366336633665,69679.0,False,False
1992,489.35526315789474,681.0394736842105,32.11000000000001,6.394037987175715,48.06578947368421,69411.0,True,False
1993,488.8225806451613,693.7741935483871,26.195000000000004,5.775163190277621,15.225806451612904,77336.0,False,False
1994,488.5,1017.5,20.28,5.081466123790367,17.25,47643.0,False,False
1995,491.6666666666667,1065.6466666666668,63.37500000000001,8.982847886254723,10.74,50569.0,False,False
1996,491.2248062015504,1168.139534883721,54.502500000000005,8.33035043001963,43.83720930232558,118956.0,False,False
1997,488.6623376623377,1184.8961038961038,32.532500000000006,6.4359665543799,37.84415584415584,121584.0,False,False
1998,493.04761904761904,446.42857142857144,44.362500000000004,7.51558975086544,18.323809523809523,60868.0,False,False
1999,490.55102040816325,152.9387755102041,20.7025,5.134125210284583,11.857142857142858,49457.0,False,False
2000,490.29824561403507,1029.877192982456,24.082500000000003,5.537399329656889,15.017543859649123,46493.0,False,False
2001,494.54651162790697,540.3139534883721,72.67,9.619060126431496,26.53488372093023,70540.0,True,True
2002,494.60103626943004,718.4455958549223,81.5425,10.18936384552868,47.170984455958546,70206.0,True,False
2003,493.0625,1000.5625,40.56,7.186278309003779,14.635416666666666,41647.0,False,False
2004,491.7291666666667,437.5625,20.28,5.081466123790367,18.604166666666668,60834.0,False,False
2005,491.7368421052632,892.2105263157895,8.027500000000002,3.1970189935878577,13.473684210526315,38803.0,False,False
2006,496.0412371134021,299.16494845360825,40.9825,7.22360987610134,12.43298969072165,64364.0,False,False
2007,496.36805555555554,946.3402777777778,60.84,8.801357503344999,9.402777777777779,43596.0,False,False
2008,495.0082644628099,989.2727272727273,51.1225,8.067911044732915,14.851239669421487,39717.0,False,False
2009,496.87116564417175,1155.7423312883436,68.8675,9.364017532397558,27.45398773006135,108719.0,False,False
2010,497.088,1015.12,52.81250000000001,8.200180696565521,13.656,41041.0,False,False
2011,497.86725663716817,1090.6991150442477,47.74250000000001,7.796642800880295,15.283185840707965,48734.0,False,False
2012,498.49152542372883,1180.7118644067796,74.78250000000001,9.75787047742269,61.056497175141246,114331.0,True,False
2013,495.8189655172414,1195.2931034482758,49.010000000000005,7.8994601136704485,35.44827586206897,111216.0,False,False
2014,497.9851851851852,121.12592592592593,57.03750000000001,8.521877758618217,22.022222222222222,71185.0,False,False
2015,499.4761904761905,225.76190476190476,88.72500000000001,10.628648954906136,34.595238095238095,83787.0,False,True
2016,497.88461538461536,730.3461538461538,32.955000000000005,6.477623730716943,26.102564102564102,68963.0,False,False
2017,496.525,889.275,16.900000000000002,4.638722701997206,11.85,39013.0,False,False
2018,498.3333333333333,132.53333333333333,31.687500000000004,6.351832654737959,18.346666666666668,64020.0,False,False
2019,502.22727272727275,83.00649350649351,65.06500000000001,9.101831188183693,11.766233766233766,40638.0,False,False
2020,499.1734693877551,182.9387755102041,41.405,7.260749503306075,22.46938775510204,70120.0,False,False
2021,500.71276595744683,273.6063829787234,39.715,7.1110272478142695,15.542553191489361,53404.0,False,False
2022,500.09375,682.2708333333334,40.56,7.186278309003779,22.833333333333332,66127.0,False,False
2023,500.61538461538464,1098.967032967033,38.447500000000005,6.996633290104976,16.439560439560438,47063.0,False,False
2024,500.513698630137,1205.8424657534247,61.68500000000001,8.86226727857993,29.02054794520548,93962.0,False,False
2025,499.93975903614455,9.518072289156626,35.0675,6.682015245043993,8.795180722891565,21828.0,False,False
2026,502.1949152542373,142.5,49.855000000000004,7.967267881951225,13.728813559322035,51003.0,False,False
2027,500.5,435.8611111111111,30.42,6.223499574262349,16.291666666666668,59321.0,False,False
2028,501.3936170212766,649.3829787234042,39.715,7.1110272478142695,16.0531914893617,57577.0,False,False
2029,503.62576687116564,98.65644171779141,68.8675,9.364017532397558,12.190184049079754,52955.0,False,False
2030,502.7281553398058,397.0,43.517500000000005,7.443668577254932,28.135922330097088,59666.0,False,False
2031,503.03061224489795,494.7551020408163,41.405,7.260749503306075,37.183673469387756,93222.0,False,False
2032,504.8305084745763,1045.5254237288136,74.78250000000001,9.75787047742269,10.59322033898305,37111.0,False,False
2033,502.53164556962025,692.4810126582279,33.377500000000005,6.519014718835807,12.455696202531646,71873.0,False,False
2034,502.37735849056605,1256.2075471698113,22.392500000000002,5.3395708165996005,31.81132075471698,46210.0,False,False
2035,503.7307692307692,1009.1025641025641,32.955000000000005,6.477623730716943,9.0,37436.0,False,False
2036,505.82666666666665,1147.32,63.37500000000001,8.982847886254723,14.633333333333333,86152.0,False,False
2037,505.9123505976096,1225.3266932270917,106.04750000000001,11.619977221161072,24.44223107569721,93131.0,False,False
2038,502.0769230769231,43.82051282051282,16.477500000000003,4.5803716659648535,12.512820512820513,37967.0,False,False
2039,504.6296296296296,335.5925925925926,34.222500000000004,6.601018127508749,20.71604938271605,66115.0,False,False
2040,506.38823529411764,485.38823529411764,35.9125,6.762042232218129,44.023529411764706,87847.0,True,False
2041,507.5857142857143,981.6142857142858,59.150000000000006,8.67825553156191,8.535714285714286,35388.0,False,False
2042,507.3550724637681,1171.623188405797,58.30500000000001,8.616045012404687,73.8768115942029,102010.0,True,False
2043,508.384,368.584,52.81250000000001,8.200180696565521,11.528,55944.0,False,False
2044,510.1587301587302,922.6507936507936,79.8525,10.0832217443615,13.46031746031746,40821.0,False,False
2045,511.1,266.73846153846154,54.925000000000004,8.362576277354894,11.676923076923076,51299.0,False,False
2046,507.8666666666667,1108.925,50.7,8.034503402082343,10.075,42078.0,False,False
2047,508.1515151515151,173.87878787878788,13.9425,4.2133291293785735,19.575757575757574,66156.0,False,False
2048,509.05333333333334,1161.8533333333332,31.687500000000004,6.351832654737959,65.02666666666667,95747.0,True,False
2049,511.6687116564417,1015.6993865030674,68.8675,9.364017532397558,7.0,33173.0,False,False
2050,508.93617021276594,876.7872340425532,19.8575,5.028255588131782,9.106382978723405,41225.0,False,False
2051,510.22972972972974,1135.5405405405406,31.265000000000004,6.309345002941657,8.121621621621621,59585.0,False,False
2052,511.68888888888887,195.3111111111111,38.025000000000006,6.958084052995808,46.477777777777774,100869.0,True,True
2053,513.2403100775193,1206.3178294573643,54.502500000000005,8.33035043001963,15.077519379844961,93319.0,False,False
2054,510.3448275862069,666.2758620689655,12.252500000000001,3.9497300568352243,6.724137931034483,55031.0,False,False
2055,513.0111111111111,946.8333333333334,38.025000000000006,6.958084052995808,17.122222222222224,40391.0,False,False
2056,517.119170984456,244.44041450777203,81.5425,10.18936384552868,15.663212435233161,68469.0,False,False
2057,515.1544715447154,407.8292682926829,51.96750000000001,8.134314724734013,22.552845528455286,57756.0,True,False
2058,511.9230769230769,445.43589743589746,16.477500000000003,4.5803716659648535,12.64102564102564,59169.0,False,False
2059,514.1123595505618,960.1011235955057,37.602500000000006,6.919320051920128,11.96629213483146,38764.0,False,False
2060,516.08,645.95,42.25000000000001,7.3344645861208315,13.2,49337.0,False,False
2061,513.4358974358975,863.4102564102565,16.477500000000003,4.5803716659648535,16.512820512820515,46416.0,False,False
2062,514.6029411764706,1064.9264705882354,28.730000000000004,6.048154439185661,10.735294117647058,33798.0,False,False
2063,515.1532258064516,1086.3306451612902,52.39000000000001,8.167314108608483,9.379032258064516,37485.0,False,False
2064,519.4774774774775,1245.990990990991,93.79500000000002,10.928106107575758,16.75225225225225,65664.0,False,False
2065,515.953488372093,716.3720930232558,36.335,6.801702644040839,21.61627906976744,60513.0,False,False
2066,514.625,990.734375,27.040000000000003,5.867571668896666,8.296875,31178.0,False,False
2067,517.4017094017094,1195.7948717948718,49.432500000000005,7.933436443000028,19.512820512820515,90046.0,False,False
2068,517.4492753623189,150.18840579710144,29.152500000000003,6.092463855279885,12.579710144927537,47865.0,False,False
2069,515.936170212766,1114.2978723404256,19.8575,5.028255588131782,12.53191489361702,38397.0,False,False
2070,516.8085106382979,1150.4148936170213,39.715,7.1110272478142695,18.393617021276597,75380.0,False,False
2071,518.704,1216.784,52.81250000000001,8.200180696565521,29.112,93620.0,False,False
2072,518.19,556.6,42.25000000000001,7.3344645861208315,15.97,56774.0,False,False
2073,518.2,906.9142857142857,14.787500000000001,4.339127765780955,15.142857142857142,38944.0,False,False
2074,517.4222222222222,1033.4888888888888,19.012500000000003,4.920108417939312,10.066666666666666,31590.0,False,False
2075,523.546255506608,1142.0704845814978,95.90750000000001,11.050485131282139,11.704845814977974,56306.0,False,False
2076,519.2065217391304,1168.6304347826087,38.870000000000005,7.034971293747812,38.76086956521739,89346.0,False,False
2077,520.5050505050505,1231.6565656565656,41.82750000000001,7.297700121093632,42.38383838383838,90746.0,False,False
2078,521.2333333333333,189.31666666666666,50.7,8.034503402082343,42.875,95889.0,True,True
2079,519.6493506493506,498.2077922077922,32.532500000000006,6.4359665543799,17.07792207792208,69991.0,False,False
2080,518.8611111111111,589.6111111111111,15.21,4.4006787516724994,17.944444444444443,64656.0,False,False
2081,519.7966101694915,678.457627118644,24.927500000000002,5.633709146857493,16.74576271186441,47248.0,False,False
2082,519.0,750.5714285714286,17.745,4.753276314430444,14.714285714285714,55478.0,False,False
2083,520.3571428571429,68.4047619047619,17.745,4.753276314430444,14.642857142857142,33925.0,False,False
2084,522.0754716981132,1047.0377358490566,22.392500000000002,5.3395708165996005,7.90566037735849,31199.0,False,False
2085,524.3232323232323,1255.5252525252524,41.82750000000001,7.297700121093632,13.454545454545455,44767.0,False,False
2086,522.5238095238095,460.95238095238096,17.745,4.753276314430444,26.571428571428573,70297.0,False,False
2087,522.8222222222222,519.7777777777778,19.012500000000003,4.920108417939312,11.6,51796.0,False,False
2088,523.4137931034483,541.0862068965517,24.505000000000003,5.58576181408903,22.17241379310345,52344.0,False,False
2089,526.0666666666667,722.6,38.025000000000006,6.958084052995808,19.2,51297.0,False,False
2090,525.5375,656.9125,33.800000000000004,6.560144557252417,11.625,48091.0,False,False
2091,526.6210526315789,766.1473684210526,40.1375,7.148751795020415,16.71578947368421,66296.0,False,False
2092,526.7613636363636,91.375,37.18000000000001,6.880337656921596,10.215909090909092,38490.0,False,False
2093,528.7777777777778,180.85802469135803,68.44500000000001,9.335249361393526,23.228395061728396,80567.0,False,False
2094,526.9320388349514,274.75728155339806,43.517500000000005,7.443668577254932,17.466019417475728,45223.0,False,False
2095,526.2115384615385,1024.576923076923,21.970000000000002,5.288957628666685,9.346153846153847,28129.0,False,False
2096,529.0225563909775,323.76691729323306,56.1925,8.458517193783473,5.609022556390977,44281.0,False,False
2097,526.7323943661971,473.4225352112676,29.997500000000002,6.180129710871209,32.38028169014085,70956.0,False,False
2098,525.7916666666666,558.5,20.28,5.081466123790367,17.4375,52331.0,False,False
2099,527.3809523809524,1102.1142857142856,44.362500000000004,7.51558975086544,10.676190476190476,33582.0,False,False
2100,528.7227722772277,1200.3069306930693,42.67250000000001,7.371045683803026,26.366336633663366,79610.0,False,False
2101,527.2727272727273,122.3409090909091,18.590000000000003,4.865133414062422,19.795454545454547,46512.0,False,False
2102,529.3421052631579,143.05263157894737,32.11000000000001,6.394037987175715,11.68421052631579,47542.0,False,False
2103,529.2424242424242,935.7348484848485,55.77,8.426658258757147,12.568181818181818,41348.0,False,False
2104,529.3047619047619,1159.2,44.362500000000004,7.51558975086544,22.085714285714285,68176.0,False,False
2105,528.4923076923077,462.18461538461537,27.462500000000002,5.913234393907399,26.415384615384614,71733.0,False,False
2106,530.6434782608695,1222.0434782608695,48.587500000000006,7.8653370162898755,70.4695652173913,85179.0,True,False
2107,532.0148148148148,226.22962962962964,57.03750000000001,8.521877758618217,24.02962962962963,91295.0,False,False
2108,533.1925465838509,354.7391304347826,68.02250000000001,9.306392261867519,21.59006211180124,54487.0,False,False
2109,531.3711340206186,1210.2680412371135,40.9825,7.22360987610134,31.701030927835053,83528.0,False,False
2110,533.4035087719299,200.7719298245614,48.165000000000006,7.831065232276457,48.53508771929825,99768.0,False,False
2111,531.2258064516129,753.5645161290323,26.195000000000004,5.775163190277621,16.112903225806452,45994.0,False,False
2112,532.0869565217391,1019.5391304347826,48.587500000000006,7.8653370162898755,7.71304347826087,27535.0,False,False
2113,533.1758241758242,99.92307692307692,38.447500000000005,6.996633290104976,11.131868131868131,41743.0,False,False
2114,530.7307692307693,447.15384615384613,10.985000000000001,3.7398578046385347,10.692307692307692,66326.0,False,False
2115,535.090395480226,1046.225988700565,74.78250000000001,9.75787047742269,6.389830508474576,27663.0,False,False
2116,532.8765432098766,287.7283950617284,34.222500000000004,6.601018127508749,14.382716049382717,43200.0,False,False
2117,534.7047619047619,1123.0190476190476,44.362500000000004,7.51558975086544,12.685714285714285,34958.0,False,False
2118,537.489932885906,997.1610738255033,62.95250000000001,8.952854988211321,6.76510067114094,28512.0,False,False
2119,538.4186046511628,1236.3313953488373,72.67,9.619060126431496,21.552325581395348,76228.0,False,False
2120,535.6785714285714,248.07142857142858,23.660000000000004,5.488610719338178,11.928571428571429,57944.0,False,False
2121,535.8,492.74545454545455,23.2375,5.439384516724603,16.254545454545454,61706.0,False,False
2122,534.7948717948718,909.3589743589744,16.477500000000003,4.5803716659648535,14.64102564102564,39252.0,False,False
2123,538.3391812865497,1183.076023391813,72.2475,9.591056980763573,17.105263157894736,59574.0,False,False
2124,539.1512605042017,1162.4957983193278,50.2775,8.000956268498294,12.907563025210084,59156.0,False,False
2125,538.3448275862069,1249.6379310344828,49.010000000000005,7.8994601136704485,18.301724137931036,52911.0,False,False
2126,537.7910447761194,376.35820895522386,28.307500000000005,6.003518003020447,38.23880597014925,58853.0,True,False
2127,540.1456953642385,536.841059602649,63.79750000000001,9.01274097349089,14.596026490066226,46695.0,False,False
2128,539.8290598290598,186.46153846153845,49.432500000000005,7.933436443000028,27.504273504273506,78737.0,False,False
2129,539.9579831932773,512.4873949579832,50.2775,8.000956268498294,12.134453781512605,51546.0,False,False
2130,540.2028985507246,679.695652173913,29.152500000000003,6.092463855279885,10.81159420289855,40799.0,False,False
2131,538.2142857142857,861.4047619047619,17.745,4.753276314430444,22.476190476190474,53493.0,False,False
2132,539.2413793103449,924.2068965517242,24.505000000000003,5.58576181408903,8.706896551724139,40662.0,False,False
2133,541.6725663716815,265.39823008849555,47.74250000000001,7.796642800880295,13.486725663716815,45211.0,False,False
2134,540.75,411.86,42.25000000000001,7.3344645861208315,14.93,54709.0,False,False
2135,539.5636363636364,655.8,23.2375,5.439384516724603,16.10909090909091,51813.0,False,True
2136,543.8560606060606,1025.6060606060605,55.77,8.426658258757147,8.143939393939394,28488.0,False,False
2137,542.265306122449,1224.295918367347,41.405,7.260749503306075,71.28571428571429,79640.0,True,False
2138,539.28125,803.0,13.520000000000001,4.148999716174901,16.46875,58407.0,False,False
2139,541.375,53.857142857142854,23.660000000000004,5.488610719338178,6.696428571428571,31298.0,False,False
2140,540.8644067796611,108.71186440677967,24.927500000000002,5.633709146857493,15.745762711864407,43449.0,False,False
2141,542.8551724137931,228.22758620689655,61.2625,8.831864899857669,22.93793103448276,80757.0,False,False
2142,541.5,821.0,15.21,4.4006787516724994,14.88888888888889,49927.0,False,False
2143,542.1688311688312,1014.4675324675325,32.532500000000006,6.4359665543799,9.03896103896104,28838.0,False,False
2144,543.5221238938053,1212.58407079646,47.74250000000001,7.796642800880295,43.11504424778761,78377.0,False,False
2145,542.6829268292682,686.1951219512196,17.3225,4.696348795998318,11.292682926829269,39267.0,False,False
2146,546.6043956043956,636.7142857142857,38.447500000000005,6.996633290104976,17.36263736263736,60876.0,False,True
2147,543.9047619047619,849.8888888888889,26.617500000000003,5.8215507884058,21.38095238095238,53425.0,False,False
2148,544.8163265306123,88.06122448979592,20.7025,5.134125210284583,8.938775510204081,37187.0,False,False
2149,545.9052631578948,491.2421052631579,40.1375,7.148751795020415,14.23157894736842,64970.0,False,False
2150,544.3396226415094,733.7169811320755,22.392500000000002,5.3395708165996005,12.88679245283019,40353.0,False,False
2151,546.4262295081967,546.0,25.7725,5.728399965669906,15.049180327868852,47777.0,False,False
2152,545.9464285714286,833.0535714285714,23.660000000000004,5.488610719338178,11.232142857142858,51684.0,False,False
2153,545.1578947368421,840.0526315789474,16.055000000000003,4.5212676198963315,11.973684210526315,52192.0,False,False
2154,548.5636363636364,395.6272727272727,46.475,7.692451354514157,12.809090909090909,57168.0,False,False
2155,545.8269230769231,886.0576923076923,21.970000000000002,5.288957628666685,15.01923076923077,46190.0,False,False
2156,546.9298245614035,1175.9122807017543,24.082500000000003,5.537399329656889,17.140350877192983,51547.0,False,False
2157,549.8301886792453,143.9056603773585,44.785000000000004,7.5512934660867375,11.547169811320755,50326.0,False,False
2158,549.0208333333334,240.875,40.56,7.186278309003779,14.322916666666666,59931.0,False,False
2159,549.6891891891892,382.94594594594594,31.265000000000004,6.309345002941657,16.56756756756757,58575.0,False,False
2160,547.5,956.8636363636364,18.590000000000003,4.865133414062422,11.727272727272727,40422.0,False,False
2161,550.5172413793103,514.264367816092,36.7575,6.8411331346205175,9.908045977011493,58083.0,False,False
2162,551.5731707317074,878.0365853658536,34.645,6.641640160935379,15.646341463414634,48946.0,False,False
2163,553.0,1246.2553191489362,59.572500000000005,8.709194152086374,12.425531914893616,48294.0,False,False
2164,550.3513513513514,166.72972972972974,15.632500000000002,4.4613806364255035,14.108108108108109,53260.0,False,False
2165,552.063829787234,283.28723404255317,39.715,7.1110272478142695,11.75531914893617,45073.0,False,False
2166,551.5769230769231,561.2948717948718,32.955000000000005,6.477623730716943,15.564102564102564,44243.0,False,False
2167,552.6964285714286,767.0714285714286,47.32000000000001,7.762067717874401,11.4375,42392.0,False,False
2168,552.7204301075269,826.7204301075269,39.292500000000004,7.073101498742004,13.397849462365592,49002.0,False,False
2169,552.8888888888889,1204.905982905983,49.432500000000005,7.933436443000028,14.401709401709402,72160.0,False,False
2170,554.8925619834711,1187.8842975206612,51.1225,8.067911044732915,13.520661157024794,52139.0,False,False
2171,553.9787234042553,434.4255319148936,39.715,7.1110272478142695,23.648936170212767,63556.0,False,False
2172,553.1020408163265,1168.1224489795918,20.7025,5.134125210284583,14.53061224489796,46949.0,False,False
2173,556.3612903225807,33.20645161290322,65.48750000000001,9.131334770220834,11.329032258064515,30795.0,False,False
2174,555.3928571428571,235.46428571428572,35.49,6.722147829574334,20.428571428571427,59752.0,False,False
2175,559.6872586872587,649.911196911197,109.42750000000001,11.803703667980955,30.494208494208493,61375.0,True,True
2176,552.9,949.62,21.125000000000004,5.186249645218625,11.28,42407.0,False,False
2177,554.7222222222222,1144.898148148148,45.63,7.622199185685551,11.675925925925926,41436.0,False,False
2178,553.051724137931,1219.5689655172414,24.505000000000003,5.58576181408903,20.844827586206897,74186.0,False,False
2179,554.7692307692307,1256.8461538461538,21.970000000000002,5.288957628666685,11.25,25820.0,False,False
2180,556.8780487804878,80.6829268292683,34.645,6.641640160935379,9.182926829268293,33149.0,False,False
2181,555.4807692307693,1238.3653846153845,21.970000000000002,5.288957628666685,11.576923076923077,61672.0,False,False
2182,560.5057471264367,61.46551724137931,73.515,9.6748232609803,10.068965517241379,31776.0,False,False
2183,557.5339805825242,111.35922330097087,43.517500000000005,7.443668577254932,16.62135922330097,42458.0,False,False
2184,557.5909090909091,221.78787878787878,27.885,5.958547197508803,20.166666666666668,68939.0,False,False
2185,556.59375,892.59375,27.040000000000003,5.867571668896666,11.6875,44531.0,False,False
2186,556.672131147541,1197.1967213114754,25.7725,5.728399965669906,14.901639344262295,67736.0,False,False
2187,558.6764705882352,443.2647058823529,28.730000000000004,6.048154439185661,25.485294117647058,66497.0,False,False
2188,556.688524590164,670.360655737705,25.7725,5.728399965669906,12.278688524590164,51970.0,False,False
2189,557.9746835443038,787.5569620253165,33.377500000000005,6.519014718835807,12.50632911392405,45462.0,False,False
2190,558.0972222222222,796.5555555555555,30.42,6.223499574262349,11.88888888888889,46056.0,False,False
2191,560.3076923076923,634.021978021978,38.447500000000005,6.996633290104976,24.956043956043956,64175.0,False,True
2192,559.1571428571428,700.3714285714286,29.575000000000003,6.136453335237093,12.2,36807.0,False,False
2193,563.7443609022556,11.135338345864662,56.1925,8.458517193783473,8.609022556390977,23185.0,False,False
2194,560.9583333333334,100.20833333333333,30.42,6.223499574262349,8.819444444444445,38679.0,False,False
2195,561.8243243243244,664.2567567567568,31.265000000000004,6.309345002941657,9.405405405405405,55981.0,False,False
2196,561.5,753.4473684210526,32.11000000000001,6.394037987175715,10.513157894736842,37303.0,False,False
2197,560.9019607843137,920.8823529411765,21.547500000000003,5.237855390346407,15.529411764705882,42841.0,False,False
2198,563.2586206896551,2.6206896551724137,24.505000000000003,5.58576181408903,9.120689655172415,17912.0,False,False
2199,564.4466666666667,341.18,63.37500000000001,8.982847886254723,12.74,48522.0,False,False
2200,565.8048780487804,1208.3658536585365,51.96750000000001,8.134314724734013,11.008130081300813,87100.0,False,False
2201,562.5090909090909,542.2181818181818,23.2375,5.439384516724603,15.090909090909092,54128.0,False,False
2202,568.6231884057971,137.68599033816426,87.45750000000001,10.552456940621719,16.120772946859905,47841.0,False,False
2203,566.1683168316831,292.65346534653463,42.67250000000001,7.371045683803026,11.534653465346535,46872.0,False,False
2204,565.6629213483146,867.1011235955057,37.602500000000006,6.919320051920128,12.337078651685394,49177.0,False,False
2205,563.9818181818182,1019.8545454545455,23.2375,5.439384516724603,11.654545454545454,32514.0,False,False
2206,565.0379746835443,1132.5822784810127,33.377500000000005,6.519014718835807,18.531645569620252,37676.0,False,False
2207,566.2307692307693,801.5054945054945,38.447500000000005,6.996633290104976,19.263736263736263,49506.0,False,False
2208,564.7368421052631,830.9473684210526,24.082500000000003,5.537399329656889,13.56140350877193,46857.0,False,False
2209,568.0289855072464,892.927536231884,58.30500000000001,8.616045012404687,9.702898550724637,50568.0,False,False
2210,564.4893617021277,1152.787234042553,19.8575,5.028255588131782,13.0,41086.0,False,False
2211,567.3617021276596,85.77659574468085,39.715,7.1110272478142695,11.52127659574468,33601.0,False,False
2212,567.061403508772,312.85087719298247,48.165000000000006,7.831065232276457,12.166666666666666,43075.0,False,False
2213,568.8032786885246,29.204918032786885,51.545,8.101180922147954,9.221311475409836,30902.0,False,False
2214,565.1153846153846,462.34615384615387,10.985000000000001,3.7398578046385347,18.576923076923077,71765.0,True,False
2215,566.84375,470.015625,27.040000000000003,5.867571668896666,38.890625,70299.0,False,False
2216,566.7241379310345,701.4597701149426,36.7575,6.8411331346205175,13.89655172413793,36465.0,False,False
2217,567.2592592592592,957.5925925925926,22.815,5.389708731752834,15.203703703703704,43726.0,False,False
2218,567.547619047619,328.35714285714283,17.745,4.753276314430444,14.69047619047619,44799.0,False,False
2219,571.9209039548023,404.2146892655367,74.78250000000001,9.75787047742269,12.932203389830509,48948.0,False,False
2220,570.9327731092437,418.88235294117646,50.2775,8.000956268498294,16.159663865546218,50021.0,False,False
2221,570.55,782.25,42.25000000000001,7.3344645861208315,13.83,47931.0,False,False
2222,571.7048192771084,1251.433734939759,70.135,9.449796583524995,10.066265060240964,25447.0,False,False
2223,571.9669421487604,823.5867768595041,51.1225,8.067911044732915,10.578512396694215,47565.0,False,False
2224,568.9824561403509,1170.578947368421,24.082500000000003,5.537399329656889,19.280701754385966,53412.0,False,False
2225,573.8139534883721,238.24806201550388,54.502500000000005,8.33035043001963,26.26356589147287,54430.0,False,True
2226,571.9032258064516,276.68817204301075,39.292500000000004,7.073101498742004,12.623655913978494,49883.0,False,False
2227,572.7209302325581,321.5581395348837,36.335,6.801702644040839,13.162790697674419,45900.0,False,False
2228,571.9591836734694,1217.6530612244899,41.405,7.260749503306075,15.520408163265307,81094.0,False,False
2229,573.0641025641025,58.5,32.955000000000005,6.477623730716943,9.76923076923077,30991.0,False,False
2230,573.9266055045872,227.60550458715596,46.0525,7.6574058357851245,17.394495412844037,55803.0,False,False
2231,573.5316455696203,384.30379746835445,33.377500000000005,6.519014718835807,17.848101265822784,51813.0,False,False
2232,573.7422680412371,1195.1134020618556,40.9825,7.22360987610134,19.2680412371134,97975.0,False,False
2233,574.0,117.25806451612904,26.195000000000004,5.775163190277621,12.693548387096774,41112.0,False,False
2234,574.9772727272727,678.7954545454545,37.18000000000001,6.880337656921596,12.465909090909092,44635.0,False,False
2235,576.79,87.64,42.25000000000001,7.3344645861208315,10.28,34069.0,False,False
2236,578.8854961832061,365.9770992366412,55.347500000000004,8.394678415652944,14.541984732824428,52469.0,False,False
2237,577.2465753424658,937.5479452054794,30.842500000000005,6.266569289371519,15.63013698630137,50173.0,False,False
2238,578.0,75.73,42.25000000000001,7.3344645861208315,8.22,31784.0,False,False
2239,576.5409836065573,761.9508196721312,25.7725,5.728399965669906,10.80327868852459,38299.0,False,False
2240,578.5959595959596,791.3737373737374,41.82750000000001,7.297700121093632,14.181818181818182,56503.0,False,False
2241,578.1470588235294,49.529411764705884,14.365000000000002,4.276691017611702,10.352941176470589,30711.0,False,False
2242,580.917808219178,333.4931506849315,30.842500000000005,6.266569289371519,13.876712328767123,47639.0,False,False
2243,579.3013698630137,429.94520547945206,30.842500000000005,6.266569289371519,11.753424657534246,52499.0,False,False
2244,579.6065573770492,576.1475409836065,25.7725,5.728399965669906,8.19672131147541,51363.0,False,False
2245,579.2307692307693,646.7472527472528,38.447500000000005,6.996633290104976,23.63736263736264,67322.0,True,True
2246,580.3116883116883,595.9480519480519,32.532500000000006,6.4359665543799,13.792207792207792,51736.0,False,False
2247,579.5172413793103,728.0172413793103,24.505000000000003,5.58576181408903,8.189655172413794,35022.0,False,False
2248,580.9787234042553,918.031914893617,39.715,7.1110272478142695,16.4468085106383,55604.0,False,False
2249,582.7358490566038,346.0,44.785000000000004,7.5512934660867375,15.122641509433961,49595.0,False,False
2250,583.032967032967,195.93406593406593,38.447500000000005,6.996633290104976,33.1978021978022,59202.0,False,True
2251,580.925,1212.8,16.900000000000002,4.638722701997206,38.35,92823.0,False,False
2252,582.0555555555555,244.66666666666666,15.21,4.4006787516724994,13.777777777777779,53977.0,False,False
2253,584.8660714285714,402.0357142857143,47.32000000000001,7.762067717874401,14.758928571428571,47513.0,False,False
2254,583.2297297297297,632.2972972972973,31.265000000000004,6.309345002941657,17.283783783783782,65830.0,True,False
2255,587.1855670103092,286.340206185567,81.965,10.215727056074748,22.742268041237114,55476.0,False,True
2256,586.9367088607595,555.8481012658228,33.377500000000005,6.519014718835807,22.974683544303797,56651.0,True,False
2257,585.989247311828,781.494623655914,39.292500000000004,7.073101498742004,13.956989247311828,55256.0,False,False
2258,582.5757575757576,1014.2424242424242,13.9425,4.2133291293785735,10.909090909090908,42284.0,False,False
2259,584.6697247706422,1252.0366972477063,46.0525,7.6574058357851245,10.211009174311927,23452.0,False,False
2260,584.8333333333334,421.85185185185185,22.815,5.389708731752834,10.851851851851851,48901.0,False,False
2261,584.5576923076923,819.1153846153846,21.970000000000002,5.288957628666685,16.78846153846154,53093.0,False,False
2262,585.5932203389831,1163.5593220338983,24.927500000000002,5.633709146857493,9.203389830508474,67759.0,False,False
2263,584.0,1221.5,20.28,5.081466123790367,30.916666666666668,80735.0,False,False
2264,584.8,1234.85,25.35,5.681251839078812,9.966666666666667,50223.0,False,False
2265,585.8333333333334,3.185185185185185,22.815,5.389708731752834,8.87037037037037,18363.0,False,False
2266,586.3508771929825,795.3859649122807,24.082500000000003,5.537399329656889,15.912280701754385,57701.0,False,False
2267,586.5,850.3225806451613,26.195000000000004,5.775163190277621,13.35483870967742,44410.0,False,False
2268,587.8706896551724,1190.8793103448277,49.010000000000005,7.8994601136704485,94.3103448275862,104328.0,True,False
2269,590.7588652482269,52.94326241134752,59.572500000000005,8.709194152086374,9.929078014184396,31846.0,False,False
2270,587.0882352941177,1203.0294117647059,28.730000000000004,6.048154439185661,116.3529411764706,102919.0,True,False
2271,587.75,645.6363636363636,18.590000000000003,4.865133414062422,31.522727272727273,63166.0,True,True
2272,590.2478632478633,663.0683760683761,49.432500000000005,7.933436443000028,22.23076923076923,54203.0,False,False
2273,591.8039215686274,91.23529411764706,64.64250000000001,9.072231658778492,9.444444444444445,34642.0,False,False
2274,594.0723981900453,337.27149321266967,93.3725,10.903465476204527,31.289592760180994,47520.0,True,False
2275,588.6538461538462,457.15384615384613,10.985000000000001,3.7398578046385347,10.26923076923077,64362.0,False,False
2276,590.9180327868852,915.3196721311475,51.545,8.101180922147954,23.852459016393443,59199.0,False,False
2277,590.8472222222222,978.5972222222222,30.42,6.223499574262349,12.402777777777779,48533.0,False,False
2278,592.0588235294117,109.48235294117647,35.9125,6.762042232218129,12.505882352941176,36071.0,False,False
2279,591.6404494382023,143.22471910112358,37.602500000000006,6.919320051920128,11.786516853932584,46035.0,False,False
2280,594.9641025641025,158.92307692307693,82.3875,10.24202240731137,12.98974358974359,54949.0,False,False
2281,591.2911392405064,253.43037974683546,33.377500000000005,6.519014718835807,14.772151898734178,54904.0,False,False
2282,593.3888888888889,33.24074074074074,45.63,7.622199185685551,6.518518518518518,34042.0,False,False
2283,593.1379310344828,16.844827586206897,24.505000000000003,5.58576181408903,11.517241379310345,28186.0,False,False
2284,591.875,394.35,16.900000000000002,4.638722701997206,20.3,47866.0,False,False
2285,597.2628571428571,574.8571428571429,73.93750000000001,9.702584647343,18.742857142857144,56037.0,False,False
2286,593.3888888888889,858.4444444444445,22.815,5.389708731752834,12.777777777777779,46497.0,False,False
2287,593.7236842105264,516.7368421052631,32.11000000000001,6.394037987175715,14.486842105263158,60686.0,False,False
2288,592.5365853658536,632.4634146341464,17.3225,4.696348795998318,23.658536585365855,61157.0,True,False
2289,594.9852941176471,1202.7573529411766,57.46000000000001,8.553382035223404,97.82352941176471,104407.0,True,False
2290,593.0,756.5,10.985000000000001,3.7398578046385347,13.461538461538462,39691.0,False,False
2291,594.1153846153846,794.6923076923077,21.970000000000002,5.288957628666685,40.73076923076923,58915.0,True,False
2292,595.1063829787234,1253.872340425532,39.715,7.1110272478142695,9.595744680851064,20000.0,False,False
2293,595.0666666666667,686.8333333333334,12.675,4.017251701041172,10.5,47672.0,False,False
2294,595.1346153846154,786.3269230769231,21.970000000000002,5.288957628666685,25.923076923076923,56970.0,False,False
2295,595.2105263157895,951.9122807017544,24.082500000000003,5.537399329656889,22.36842105263158,62052.0,False,False
2296,594.36,1139.76,10.562500000000002,3.6672322930604158,15.08,42807.0,False,False
2297,597.531914893617,1156.1914893617022,39.715,7.1110272478142695,16.26595744680851,59712.0,False,False
2298,596.4,315.6,21.125000000000004,5.186249645218625,14.28,49685.0,False,False
2299,598.6228070175439,356.5438596491228,48.165000000000006,7.831065232276457,14.921052631578947,52144.0,False,False
2300,598.4269662921348,528.3820224719101,37.602500000000006,6.919320051920128,16.202247191011235,60737.0,False,False
2301,596.8271604938271,1216.0987654320988,34.222500000000004,6.601018127508749,23.14814814814815,92373.0,False,False
2302,600.9122807017544,41.333333333333336,48.165000000000006,7.831065232276457,9.81578947368421,34816.0,False,False
2303,600.4230769230769,202.81730769230768,87.88000000000001,10.57791525733337,12.846153846153847,52773.0,False,False
2304,596.9183673469388,461.1224489795918,20.7025,5.134125210284583,38.38775510204081,62491.0,True,False
2305,598.0888888888888,963.4,19.012500000000003,4.920108417939312,31.2,62512.0,False,False
2306,599.2708333333334,115.1875,40.56,7.186278309003779,12.71875,35509.0,False,False
2307,597.7777777777778,472.7037037037037,11.4075,3.8110995928427753,20.77777777777778,62395.0,False,False
2308,599.6315789473684,669.3333333333334,24.082500000000003,5.537399329656889,15.175438596491228,52345.0,False,False
2309,599.5571428571428,730.8142857142857,29.575000000000003,6.136453335237093,11.014285714285714,43604.0,False,False
2310,600.7291666666666,942.8125,20.28,5.081466123790367,18.395833333333332,69338.0,False,False
2311,604.9080459770115,677.2183908045977,36.7575,6.8411331346205175,15.241379310344827,50227.0,False,False
2312,603.0618556701031,903.2268041237113,40.9825,7.22360987610134,30.783505154639176,62387.0,True,False
2313,603.3253012048193,4.132530120481928,35.0675,6.682015245043993,12.012048192771084,21779.0,False,False
2314,602.639344262295,600.2950819672132,25.7725,5.728399965669906,14.40983606557377,53047.0,False,False
2315,605.0625,399.53125,40.56,7.186278309003779,13.197916666666666,49810.0,False,False
2316,603.1714285714286,515.0428571428571,29.575000000000003,6.136453335237093,16.9,55921.0,False,False
2317,604.7014925373135,558.4328358208955,28.307500000000005,6.003518003020447,16.238805970149254,60659.0,False,False
2318,603.8723404255319,722.3617021276596,19.8575,5.028255588131782,11.74468085106383,50996.0,False,False
2319,603.5882352941177,800.4705882352941,28.730000000000004,6.048154439185661,47.10294117647059,60120.0,True,False
2320,606.1939393939394,819.6181818181818,69.7125,9.421290344870497,15.454545454545455,61189.0,False,False
2321,603.9558823529412,1027.0588235294117,28.730000000000004,6.048154439185661,20.455882352941178,61549.0,False,True
2322,602.6190476190476,1135.5714285714287,8.8725,3.361073914787167,13.476190476190476,45010.0,False,False
2323,607.6304347826087,1193.6521739130435,58.30500000000001,8.616045012404687,24.956521739130434,103283.0,False,False
2324,608.7534246575342,232.04109589041096,61.68500000000001,8.86226727857993,11.917808219178083,45379.0,False,False
2325,605.0754716981132,615.1320754716982,22.392500000000002,5.3395708165996005,21.0,52747.0,False,False
2326,605.6,862.7882352941176,35.9125,6.762042232218129,13.83529411764706,54031.0,False,False
2327,607.1946902654868,69.33628318584071,47.74250000000001,7.796642800880295,10.274336283185841,33178.0,False,False
2328,605.6612903225806,431.11290322580646,26.195000000000004,5.775163190277621,20.387096774193548,52325.0,False,False
2329,606.2537313432836,445.9850746268657,28.307500000000005,6.003518003020447,29.16417910447761,59218.0,False,False
2330,605.5342465753424,956.0958904109589,30.842500000000005,6.266569289371519,22.726027397260275,73294.0,False,False
2331,608.975,336.56666666666666,50.7,8.034503402082343,13.591666666666667,47624.0,False,False
2332,605.709090909091,502.1272727272727,23.2375,5.439384516724603,14.254545454545454,53614.0,False,False
2333,606.1142857142858,882.2571428571429,14.787500000000001,4.339127765780955,18.542857142857144,64055.0,False,False
2334,607.4067796610169,660.3898305084746,24.927500000000002,5.633709146857493,18.559322033898304,52048.0,False,False
2335,607.3166666666667,686.9833333333333,25.35,5.681251839078812,14.783333333333333,52007.0,False,False
2336,610.7352941176471,81.19607843137256,43.095000000000006,7.407446130776911,12.205882352941176,34107.0,False,False
2337,608.5,479.5806451612903,26.195000000000004,5.775163190277621,16.080645161290324,60105.0,False,False
2338,608.5409836065573,545.0655737704918,25.7725,5.728399965669906,18.098360655737704,58463.0,False,False
2339,610.6106870229007,747.7786259541984,55.347500000000004,8.394678415652944,11.702290076335878,48300.0,False,False
2340,610.1428571428571,1048.3516483516485,38.447500000000005,6.996633290104976,8.89010989010989,55996.0,False,False
2341,611.4651162790698,1167.4108527131782,54.502500000000005,8.33035043001963,28.45736434108527,75111.0,False,False
2342,612.3793103448276,271.64367816091954,73.515,9.6748232609803,23.028735632183906,55122.0,False,False
2343,610.4714285714285,994.4714285714285,29.575000000000003,6.136453335237093,16.3,48831.0,False,False
2344,610.5753424657535,1144.7945205479452,30.842500000000005,6.266569289371519,17.013698630136986,53118.0,False,False
2345,611.5444444444445,213.73333333333332,38.025000000000006,6.958084052995808,10.955555555555556,42082.0,False,False
2346,612.4464285714286,311.0,47.32000000000001,7.762067717874401,11.8125,47297.0,False,False
2347,612.8615384615384,48.33846153846154,27.462500000000002,5.913234393907399,14.538461538461538,36015.0,False,False
2348,612.3456790123457,282.98765432098764,34.222500000000004,6.601018127508749,33.34567901234568,54659.0,True,False
2349,610.2352941176471,387.2352941176471,14.365000000000002,4.276691017611702,18.058823529411764,57272.0,False,False
2350,610.2222222222222,732.4444444444445,11.4075,3.8110995928427753,15.37037037037037,53616.0,False,False
2351,613.1261261261261,836.027027027027,46.89750000000001,7.727337934192946,21.47747747747748,48351.0,False,True
2352,615.3695652173913,245.15217391304347,58.30500000000001,8.616045012404687,11.934782608695652,46161.0,False,False
2353,611.8837209302326,469.1162790697674,18.1675,4.809530063215748,18.53488372093023,61079.0,True,False
2354,612.0227272727273,778.75,18.590000000000003,4.865133414062422,13.977272727272727,55063.0,False,False
2355,612.7341772151899,870.0253164556962,33.377500000000005,6.519014718835807,14.759493670886076,58168.0,False,False
2356,615.1824817518249,357.08029197080293,57.88250000000001,8.584770698634475,15.16058394160584,54134.0,False,False
2357,614.6615384615385,811.4769230769231,27.462500000000002,5.913234393907399,16.384615384615383,64985.0,False,False
2358,614.7840909090909,847.875,37.18000000000001,6.880337656921596,12.681818181818182,50803.0,False,False
2359,614.4054054054054,657.027027027027,15.632500000000002,4.4613806364255035,18.513513513513512,49310.0,False,False
2360,618.0123456790124,332.8888888888889,34.222500000000004,6.601018127508749,12.666666666666666,45275.0,False,False
2361,615.75,411.38461538461536,21.970000000000002,5.288957628666685,12.307692307692308,49845.0,False,False
2362,617.6666666666666,645.7441860465116,54.502500000000005,8.33035043001963,13.395348837209303,47676.0,False,False
2363,616.5,722.0819672131148,51.545,8.101180922147954,17.459016393442624,62224.0,False,False
2364,616.5352112676056,821.9859154929577,29.997500000000002,6.180129710871209,17.943661971830984,58354.0,False,True
2365,618.64,707.21,42.25000000000001,7.3344645861208315,35.12,61219.0,True,False
2366,618.6413043478261,518.5652173913044,38.870000000000005,7.034971293747812,16.184782608695652,57706.0,False,False
2367,619.56,1225.25,42.25000000000001,7.3344645861208315,9.92,41788.0,False,False
2368,618.0980392156863,545.1176470588235,21.547500000000003,5.237855390346407,24.862745098039216,57192.0,False,False
2369,619.8521739130434,741.9652173913043,48.587500000000006,7.8653370162898755,23.026086956521738,56523.0,False,False
2370,620.6666666666666,916.202380952381,35.49,6.722147829574334,15.976190476190476,58175.0,False,False
2371,617.0697674418604,994.0232558139535,18.1675,4.809530063215748,15.720930232558139,49535.0,False,False
2372,620.7746478873239,142.11267605633802,29.997500000000002,6.180129710871209,9.535211267605634,39453.0,False,False
2373,621.7597765363129,182.72067039106145,75.62750000000001,9.812844830601293,10.033519553072626,46504.0,False,False
2374,620.0975609756098,901.4024390243902,34.645,6.641640160935379,12.878048780487806,62560.0,False,False
2375,623.2032520325204,122.59349593495935,51.96750000000001,8.134314724734013,12.016260162601625,35784.0,False,False
2376,620.4901960784314,474.6666666666667,21.547500000000003,5.237855390346407,19.647058823529413,58215.0,True,False
2377,620.6551724137931,869.0172413793103,24.505000000000003,5.58576181408903,26.137931034482758,56456.0,False,False
2378,621.4880952380952,1154.8095238095239,35.49,6.722147829574334,30.36904761904762,65347.0,False,False
2379,620.6578947368421,1104.3157894736842,16.055000000000003,4.5212676198963315,14.342105263157896,45100.0,False,False
2380,624.2375,114.2875,33.800000000000004,6.560144557252417,10.075,35662.0,False,False
2381,623.3636363636364,446.75757575757575,41.82750000000001,7.297700121093632,16.454545454545453,59352.0,False,False
2382,621.4571428571429,605.8,14.787500000000001,4.339127765780955,17.0,48408.0,False,False
2383,622.531914893617,816.063829787234,19.8575,5.028255588131782,15.02127659574468,65037.0,False,False
2384,630.8592057761733,1035.6498194945848,117.03250000000001,12.206981896407397,27.176895306859205,54666.0,False,False
2385,623.5952380952381,1179.095238095238,35.49,6.722147829574334,15.345238095238095,73194.0,False,False
2386,624.1333333333333,580.0133333333333,31.687500000000004,6.351832654737959,18.973333333333333,53112.0,False,False
2387,625.6309523809524,905.8095238095239,35.49,6.722147829574334,13.214285714285714,56276.0,False,False
2388,623.5166666666667,988.0166666666667,25.35,5.681251839078812,8.85,53570.0,False,False
2389,625.4421052631579,977.2421052631579,40.1375,7.148751795020415,12.621052631578948,68034.0,False,False
2390,627.9904761904762,367.53333333333336,44.362500000000004,7.51558975086544,22.495238095238093,57186.0,False,True
2391,628.5460992907801,844.2411347517731,59.572500000000005,8.709194152086374,15.581560283687944,53169.0,False,False
2392,626.5681818181819,1005.0795454545455,37.18000000000001,6.880337656921596,15.215909090909092,53262.0,False,False
2393,624.625,1013.275,16.900000000000002,4.638722701997206,22.35,58690.0,False,False
2394,626.6896551724138,1117.1724137931035,36.7575,6.8411331346205175,10.091954022988507,48333.0,False,False
2395,628.3636363636364,1190.081818181818,46.475,7.692451354514157,12.263636363636364,62654.0,False,False
2396,628.7560975609756,279.6951219512195,34.645,6.641640160935379,14.621951219512194,49179.0,False,False
2397,626.6595744680851,462.8936170212766,19.8575,5.028255588131782,15.97872340425532,58527.0,False,False
2398,628.1304347826087,789.7101449275362,29.152500000000003,6.092463855279885,10.898550724637682,61521.0,False,False
2399,626.3541666666666,826.4583333333334,20.28,5.081466123790367,18.416666666666668,58832.0,False,False
2400,627.9101123595506,865.1573033707865,37.602500000000006,6.919320051920128,27.685393258426966,55355.0,True,False
2401,629.4086021505376,312.21505376344084,39.292500000000004,7.073101498742004,14.10752688172043,39777.0,False,False
2402,628.6448598130842,563.3271028037383,45.2075,7.586829161027343,18.72897196261682,54743.0,False,False
2403,628.1866666666666,854.84,31.687500000000004,6.351832654737959,10.906666666666666,54411.0,False,False
2404,628.3541666666666,888.15625,40.56,7.186278309003779,14.260416666666666,58188.0,False,False
2405,630.9580419580419,956.6013986013986,60.417500000000004,8.770743993187619,53.2027972027972,80024.0,True,False
2406,629.8253968253969,188.8095238095238,26.617500000000003,5.8215507884058,12.714285714285714,43143.0,False,False
2407,630.6413043478261,199.65217391304347,38.870000000000005,7.034971293747812,11.641304347826088,40998.0,False,False
2408,629.1071428571429,241.29761904761904,35.49,6.722147829574334,15.428571428571429,39935.0,False,False
2409,630.3020833333334,328.03125,40.56,7.186278309003779,12.84375,39176.0,False,False
2410,628.8571428571429,777.9464285714286,23.660000000000004,5.488610719338178,12.303571428571429,55163.0,False,False
2411,632.1222222222223,288.0777777777778,38.025000000000006,6.958084052995808,12.877777777777778,46604.0,False,False
2412,633.3286713286714,348.7902097902098,60.417500000000004,8.770743993187619,11.468531468531468,45822.0,False,False
2413,629.46,946.16,21.125000000000004,5.186249645218625,64.14,80648.0,True,False
2414,630.5,1177.1129032258063,26.195000000000004,5.775163190277621,17.951612903225808,64996.0,False,False
2415,631.3448275862069,21.53448275862069,24.505000000000003,5.58576181408903,20.103448275862068,44491.0,False,False
2416,632.1551724137931,669.1034482758621,49.010000000000005,7.8994601136704485,10.53448275862069,42684.0,False,False
2417,630.4363636363636,988.7272727272727,23.2375,5.439384516724603,11.036363636363637,50962.0,False,False
2418,633.1545454545454,712.8454545454546,46.475,7.692451354514157,42.39090909090909,66154.0,True,False
2419,631.972602739726,806.5479452054794,30.842500000000005,6.266569289371519,23.80821917808219,69058.0,False,False
2420,633.8571428571429,796.8265306122449,41.405,7.260749503306075,17.071428571428573,66770.0,False,False
2421,633.8860759493671,174.78481012658227,33.377500000000005,6.519014718835807,10.544303797468354,43906.0,False,False
2422,634.4625,456.85,33.800000000000004,6.560144557252417,17.1375,53067.0,False,False
2423,633.1388888888889,478.6111111111111,15.21,4.4006787516724994,18.88888888888889,52609.0,False,False
2424,634.1058823529412,600.5529411764705,35.9125,6.762042232218129,14.870588235294118,47976.0,False,False
2425,635.716049382716,681.4074074074074,34.222500000000004,6.601018127508749,13.753086419753087,49244.0,False,False
2426,636.5775862068965,873.75,49.010000000000005,7.8994601136704485,29.99137931034483,56139.0,False,False
2427,637.3660130718954,730.8954248366013,64.64250000000001,9.072231658778492,21.07843137254902,71634.0,True,True
2428,636.1782178217821,747.1089108910891,42.67250000000001,7.371045683803026,26.019801980198018,64187.0,False,False
2429,640.774834437086,219.4437086092715,63.79750000000001,9.01274097349089,11.37748344370861,39416.0,False,False
2430,638.328125,856.984375,54.080000000000005,8.297999432349801,16.0078125,54810.0,False,False
2431,636.7377049180328,885.672131147541,51.545,8.101180922147954,16.28688524590164,55393.0,False,False
2432,641.5208333333334,184.62916666666666,101.4,11.362503678157625,15.420833333333333,42281.0,False,False
2433,638.4157303370787,442.92134831460675,37.602500000000006,6.919320051920128,16.764044943820224,47396.0,False,False
2434,639.948275862069,405.19827586206895,49.010000000000005,7.8994601136704485,19.224137931034484,54837.0,False,False
2435,640.9440559440559,814.8601398601398,60.417500000000004,8.770743993187619,28.307692307692307,70595.0,True,False
2436,638.5444444444445,1136.3,38.025000000000006,6.958084052995808,17.444444444444443,66427.0,False,False
2437,639.78125,62.890625,27.040000000000003,5.867571668896666,9.796875,33564.0,False,False
2438,637.8333333333334,973.8611111111111,15.21,4.4006787516724994,9.75,69492.0,False,False
2439,640.3804347826087,266.7717391304348,38.870000000000005,7.034971293747812,12.673913043478262,42982.0,False,False
2440,639.5652173913044,300.1304347826087,29.152500000000003,6.092463855279885,11.681159420289855,40931.0,False,False
2441,640.3783783783783,1105.5405405405406,31.265000000000004,6.309345002941657,19.56756756756757,48687.0,False,False
2442,642.8888888888889,125.45370370370371,45.63,7.622199185685551,11.175925925925926,37378.0,False,False
2443,643.0403225806451,830.4516129032259,52.39000000000001,8.167314108608483,15.403225806451612,66086.0,True,False
2444,646.7465753424658,252.20890410958904,123.37000000000002,12.533138578743038,11.476027397260275,38770.0,False,False
2445,640.936170212766,326.468085106383,19.8575,5.028255588131782,11.957446808510639,36787.0,False,False
2446,641.9655172413793,338.62068965517244,24.505000000000003,5.58576181408903,12.775862068965518,39337.0,False,False
2447,643.056179775281,474.2247191011236,37.602500000000006,6.919320051920128,15.07865168539326,49085.0,False,False
2448,643.5779816513761,505.1192660550459,46.0525,7.6574058357851245,25.513761467889907,65028.0,False,False
2449,645.1971830985915,714.9084507042254,59.995000000000005,8.740023254338977,21.014084507042252,66851.0,False,False
2450,643.9753086419753,48.54320987654321,34.222500000000004,6.601018127508749,11.049382716049383,40033.0,False,False
2451,643.8072289156627,426.72289156626505,35.0675,6.682015245043993,13.156626506024097,45581.0,False,False
2452,644.21875,487.8541666666667,40.56,7.186278309003779,15.28125,58167.0,False,False
2453,643.5483870967741,1142.8387096774193,26.195000000000004,5.775163190277621,22.096774193548388,76875.0,False,False
2454,644.0735294117648,200.89705882352942,28.730000000000004,6.048154439185661,21.0,39549.0,False,False
2455,643.2545454545455,350.6727272727273,23.2375,5.439384516724603,11.272727272727273,45504.0,False,False
2456,643.9571428571429,534.7428571428571,29.575000000000003,6.136453335237093,18.9,65023.0,False,False
2457,643.3571428571429,664.5952380952381,17.745,4.753276314430444,8.666666666666666,40100.0,False,False
2458,643.6741573033707,1193.3932584269662,37.602500000000006,6.919320051920128,12.168539325842696,47221.0,False,False
2459,645.8837209302326,94.04651162790698,54.502500000000005,8.33035043001963,10.937984496124031,32120.0,False,False
2460,648.7432432432432,139.2072072072072,93.79500000000002,10.928106107575758,16.653153153153152,40867.0,False,False
2461,647.139344262295,232.63114754098362,51.545,8.101180922147954,11.30327868852459,37824.0,False,False
2462,644.8095238095239,1221.5079365079366,26.617500000000003,5.8215507884058,10.698412698412698,38099.0,False,False
2463,646.9439252336449,116.34579439252336,45.2075,7.586829161027343,11.504672897196262,34647.0,False,False
2464,646.3861386138614,298.7524752475247,42.67250000000001,7.371045683803026,11.485148514851485,39101.0,False,False
2465,645.2368421052631,393.0263157894737,16.055000000000003,4.5212676198963315,19.105263157894736,57311.0,False,False
2466,647.2111111111111,544.3111111111111,38.025000000000006,6.958084052995808,14.21111111111111,59164.0,False,False
2467,648.1052631578947,633.7157894736843,40.1375,7.148751795020415,20.094736842105263,43522.0,False,False
2468,647.4155844155844,869.8961038961039,32.532500000000006,6.4359665543799,16.428571428571427,54618.0,False,False
2469,645.578947368421,1115.280701754386,24.082500000000003,5.537399329656889,15.210526315789474,53605.0,False,False
2470,646.2179487179487,1203.1153846153845,32.955000000000005,6.477623730716943,13.435897435897436,42543.0,False,False
2471,647.7261904761905,208.9404761904762,35.49,6.722147829574334,21.583333333333332,40005.0,False,False
2472,647.7870370370371,607.5,45.63,7.622199185685551,18.194444444444443,47549.0,False,False
2473,648.074074074074,444.85185185185185,22.815,5.389708731752834,11.981481481481481,45447.0,False,False
2474,649.4646464646464,495.64646464646466,41.82750000000001,7.297700121093632,17.393939393939394,64012.0,False,False
2475,647.6842105263158,948.5263157894736,32.11000000000001,6.394037987175715,36.10526315789474,81393.0,False,False
2476,648.4782608695652,973.695652173913,29.152500000000003,6.092463855279885,13.927536231884059,63439.0,False,False
2477,652.1782945736434,150.43410852713177,54.502500000000005,8.33035043001963,17.325581395348838,41274.0,False,True
2478,650.5238095238095,1021.047619047619,44.362500000000004,7.51558975086544,12.257142857142858,44526.0,False,False
2479,651.3973509933775,182.41059602649005,63.79750000000001,9.01274097349089,13.278145695364238,42130.0,False,False
2480,652.7118644067797,162.4915254237288,49.855000000000004,7.967267881951225,15.64406779661017,42074.0,False,False
2481,651.9888888888889,704.4222222222222,38.025000000000006,6.958084052995808,10.122222222222222,57686.0,False,False
2482,651.9014084507043,1184.887323943662,29.997500000000002,6.180129710871209,13.028169014084508,51576.0,False,False
2483,652.7564102564103,329.3974358974359,32.955000000000005,6.477623730716943,10.41025641025641,35999.0,False,False
2484,652.6612903225806,1141.3709677419354,26.195000000000004,5.775163190277621,22.322580645161292,84891.0,False,False
2485,652.1012658227849,1193.2151898734178,33.377500000000005,6.519014718835807,11.79746835443038,46513.0,False,False
2486,654.2857142857143,372.57142857142856,38.447500000000005,6.996633290104976,12.802197802197803,54073.0,False,False
2487,653.7727272727273,591.6818181818181,37.18000000000001,6.880337656921596,16.386363636363637,48292.0,False,False
2488,653.3698630136986,669.2328767123288,30.842500000000005,6.266569289371519,9.315068493150685,38853.0,False,False
2489,653.7078651685393,774.9775280898876,37.602500000000006,6.919320051920128,17.0561797752809,60454.0,False,False
2490,652.7972972972973,834.2837837837837,31.265000000000004,6.309345002941657,17.39189189189189,62060.0,False,False
2491,652.3157894736842,845.9824561403509,24.082500000000003,5.537399329656889,14.035087719298245,54071.0,False,False
2492,653.75,904.7045454545455,37.18000000000001,6.880337656921596,12.556818181818182,48680.0,False,False
2493,653.8933333333333,919.4666666666667,31.687500000000004,6.351832654737959,8.013333333333334,55162.0,False,False
2494,654.8674698795181,384.8192771084337,35.0675,6.682015245043993,17.63855421686747,55139.0,False,False
2495,656.4949494949495,658.2525252525253,41.82750000000001,7.297700121093632,9.94949494949495,40555.0,False,False
2496,655.9905660377359,751.433962264151,44.785000000000004,7.5512934660867375,29.037735849056602,64061.0,True,True
2497,659.2738095238095,114.0952380952381,70.98,9.506552628860888,9.696428571428571,33203.0,False,False
2498,655.765625,549.203125,27.040000000000003,5.867571668896666,10.5625,53825.0,False,False
2499,656.7311827956989,619.3225806451613,39.292500000000004,7.073101498742004,18.537634408602152,47126.0,False,False
2500,658.0074074074074,818.0222222222222,57.03750000000001,8.521877758618217,45.45925925925926,70120.0,True,False
2501,656.6626506024096,886.6746987951807,70.135,9.449796583524995,18.60843373493976,49644.0,False,False
2502,659.7834101382489,98.39170506912443,91.6825,10.804341005363613,9.55299539170507,31504.0,False,False
2503,655.98,421.54,21.125000000000004,5.186249645218625,12.7,44524.0,False,False
2504,655.7454545454545,855.4727272727273,23.2375,5.439384516724603,14.89090909090909,51808.0,False,False
2505,659.6831683168317,489.91089108910893,42.67250000000001,7.371045683803026,13.900990099009901,60844.0,False,False
2506,660.5178571428571,538.3392857142857,47.32000000000001,7.762067717874401,13.455357142857142,61088.0,False,False
2507,657.9180327868852,399.27868852459017,25.7725,5.728399965669906,15.262295081967213,50872.0,False,False
2508,660.0074626865671,571.0149253731344,56.61500000000001,8.490256581822557,13.305970149253731,47524.0,False,False
2509,659.9411764705883,639.1848739495798,50.2775,8.000956268498294,15.571428571428571,42902.0,False,False
2510,661.2826086956521,847.4239130434783,38.870000000000005,7.034971293747812,14.771739130434783,51200.0,False,False
2511,659.2277227722773,1032.8217821782177,42.67250000000001,7.371045683803026,10.099009900990099,38512.0,False,False
2512,662.5035971223022,179.28057553956833,58.727500000000006,8.647206217237697,8.661870503597122,41140.0,False,False
2513,661.1724137931035,945.3448275862069,36.7575,6.8411331346205175,32.91954022988506,73924.0,False,False
2514,662.0344827586207,1159.3275862068965,49.010000000000005,7.8994601136704485,29.32758620689655,85626.0,False,False
2515,660.16,294.22,21.125000000000004,5.186249645218625,12.66,36938.0,False,False
2516,662.9127516778524,348.32214765100673,62.95250000000001,8.952854988211321,10.751677852348994,38603.0,False,False
2517,662.2666666666667,727.5466666666666,31.687500000000004,6.351832654737959,20.04,61472.0,False,False
2518,665.672514619883,794.812865497076,72.2475,9.591056980763573,19.327485380116958,71883.0,False,False
2519,662.9159663865546,1133.3025210084033,50.2775,8.000956268498294,26.798319327731093,83499.0,False,False
2520,663.6785714285714,692.625,47.32000000000001,7.762067717874401,10.767857142857142,44680.0,False,False
2521,663.5865384615385,916.9134615384615,43.940000000000005,7.479715609277069,14.23076923076923,51819.0,False,False
2522,668.9351351351352,978.5513513513514,78.16250000000001,9.9759503765487,14.08108108108108,51835.0,False,False
2523,661.3571428571429,1179.7142857142858,17.745,4.753276314430444,13.357142857142858,58347.0,False,False
2524,664.359375,272.71875,54.080000000000005,8.297999432349801,9.6328125,37852.0,False,False
2525,663.3541666666666,581.25,20.28,5.081466123790367,14.041666666666666,47817.0,False,False
2526,665.6854838709677,318.9596774193548,52.39000000000001,8.167314108608483,9.830645161290322,35373.0,False,False
2527,667.1976744186046,602.1860465116279,36.335,6.801702644040839,17.674418604651162,48746.0,False,False
2528,664.5862068965517,718.8735632183908,36.7575,6.8411331346205175,15.701149425287356,57478.0,False,False
2529,663.9538461538461,1118.7692307692307,27.462500000000002,5.913234393907399,8.892307692307693,64078.0,False,False
2530,668.2777777777778,298.4791666666667,60.84,8.801357503344999,13.17361111111111,35975.0,False,False
2531,668.7986111111111,51.59027777777778,60.84,8.801357503344999,9.04861111111111,33767.0,False,False
2532,664.7954545454545,429.6136363636364,18.590000000000003,4.865133414062422,14.022727272727273,41847.0,False,False
2533,666.1428571428571,1006.625,23.660000000000004,5.488610719338178,14.696428571428571,40666.0,False,False
2534,671.8661087866109,210.96652719665272,100.9775,11.338807085778242,11.410041841004183,39877.0,False,False
2535,667.4791666666666,530.7708333333334,20.28,5.081466123790367,23.1875,64716.0,False,False
2536,670.8991596638656,827.7899159663865,50.2775,8.000956268498294,12.697478991596638,64479.0,True,False
2537,668.5483870967741,836.516129032258,26.195000000000004,5.775163190277621,17.967741935483872,57521.0,False,False
2538,668.0816326530612,1167.7551020408164,20.7025,5.134125210284583,17.816326530612244,77723.0,False,False
2539,671.2840909090909,331.2386363636364,37.18000000000001,6.880337656921596,11.079545454545455,35960.0,False,False
2540,670.746835443038,483.65822784810126,33.377500000000005,6.519014718835807,13.443037974683545,57071.0,False,False
2541,672.983870967742,961.5967741935484,52.39000000000001,8.167314108608483,23.298387096774192,64991.0,True,False
2542,670.4059405940594,1148.6237623762377,42.67250000000001,7.371045683803026,66.74257425742574,90417.0,True,False
2543,668.4782608695652,1257.2608695652175,9.717500000000001,3.517485646873906,12.652173913043478,19168.0,False,False
2544,671.170731707317,73.58536585365853,34.645,6.641640160935379,10.390243902439025,33863.0,False,False
2545,675.0454545454545,91.66161616161617,83.65500000000002,10.320506485382394,8.919191919191919,34650.0,False,False
2546,673.839378238342,120.62176165803109,81.5425,10.18936384552868,8.922279792746114,34789.0,False,False
2547,671.5217391304348,732.1304347826087,58.30500000000001,8.616045012404687,18.340579710144926,61620.0,False,False
2548,671.4625,783.15,33.800000000000004,6.560144557252417,16.9,63319.0,False,False
2549,674.5797101449275,996.6811594202899,58.30500000000001,8.616045012404687,10.065217391304348,44899.0,False,False
2550,673.4791666666666,405.4270833333333,40.56,7.186278309003779,14.3125,42419.0,False,False
2551,672.7012987012987,419.8181818181818,32.532500000000006,6.4359665543799,12.857142857142858,40896.0,False,False
2552,670.9814814814815,445.77777777777777,22.815,5.389708731752834,14.24074074074074,42227.0,False,False
2553,673.4383561643835,685.013698630137,30.842500000000005,6.266569289371519,15.082191780821917,41081.0,False,False
2554,674.1688311688312,615.5714285714286,65.06500000000001,9.101831188183693,13.272727272727273,51691.0,False,False
2555,674.1121495327103,1212.1401869158879,45.2075,7.586829161027343,23.018691588785046,42677.0,True,True
2556,677.4378698224853,104.44970414201184,71.4025,9.534803961957083,9.538461538461538,34054.0,False,False
2557,675.3893129770993,699.5648854961833,55.347500000000004,8.394678415652944,13.450381679389313,47382.0,False,False
2558,677.7030303030303,1030.2060606060606,69.7125,9.421290344870497,11.048484848484849,45015.0,False,True
2559,679.8293515358362,145.25597269624572,123.79250000000002,12.554581089850336,10.395904436860068,42002.0,False,False
2560,675.9639639639639,186.45045045045046,46.89750000000001,7.727337934192946,10.45945945945946,38388.0,False,False
2561,678.0201342281879,234.6510067114094,62.95250000000001,8.952854988211321,10.140939597315436,35221.0,False,False
2562,676.6410256410256,656.0897435897435,32.955000000000005,6.477623730716943,12.653846153846153,41441.0,False,False
2563,677.0277777777778,269.5740740740741,45.63,7.622199185685551,11.398148148148149,36508.0,False,False
2564,676.625,745.6041666666666,40.56,7.186278309003779,18.291666666666668,65634.0,False,False
2565,676.3846153846154,851.9384615384615,27.462500000000002,5.913234393907399,10.415384615384616,46924.0,False,False
2566,678.0142857142857,486.8285714285714,29.575000000000003,6.136453335237093,17.385714285714286,60793.0,False,False
2567,677.7415730337078,549.9662921348314,37.602500000000006,6.919320051920128,19.93258426966292,48684.0,False,False
2568,678.6434108527131,1182.0852713178294,54.502500000000005,8.33035043001963,9.054263565891473,55198.0,False,False
2569,679.551724137931,465.5344827586207,49.010000000000005,7.8994601136704485,16.405172413793103,44742.0,False,False
2570,677.3265306122449,816.5102040816327,20.7025,5.134125210284583,18.183673469387756,73607.0,True,False
2571,679.5340909090909,75.95454545454545,37.18000000000001,6.880337656921596,12.852272727272727,38157.0,False,False
2572,681.0315789473684,174.77894736842106,40.1375,7.148751795020415,9.305263157894737,40079.0,False,False
2573,679.1944444444445,382.3611111111111,30.42,6.223499574262349,12.805555555555555,43781.0,False,False
2574,682.096,795.592,52.81250000000001,8.200180696565521,17.656,71442.0,False,False
2575,681.1379310344828,433.2298850574713,36.7575,6.8411331346205175,12.540229885057471,39621.0,False,False
2576,681.2,879.1,33.800000000000004,6.560144557252417,13.5625,48376.0,False,False
2577,683.827380952381,61.61904761904762,70.98,9.506552628860888,10.255952380952381,38393.0,False,False
2578,682.0,294.0204081632653,41.405,7.260749503306075,10.918367346938776,36481.0,False,False
2579,682.6428571428571,397.4017857142857,47.32000000000001,7.762067717874401,10.741071428571429,42866.0,False,False
2580,682.4636363636364,706.4727272727273,46.475,7.692451354514157,15.781818181818181,50245.0,False,False
2581,681.7258064516129,764.2903225806451,26.195000000000004,5.775163190277621,16.306451612903224,64773.0,False,False
2582,680.6,1058.85,16.900000000000002,4.638722701997206,15.375,56390.0,False,True
2583,685.7539682539683,344.77777777777777,53.23500000000001,8.232916079007266,13.65079365079365,40824.0,False,False
2584,681.9375,905.625,27.040000000000003,5.867571668896666,15.046875,53150.0,False,False
2585,682.5272727272727,49.56363636363636,23.2375,5.439384516724603,10.381818181818181,34791.0,False,False
2586,687.5430463576159,277.5496688741722,63.79750000000001,9.01274097349089,12.966887417218542,36671.0,False,False
2587,683.2816901408451,531.8732394366198,29.997500000000002,6.180129710871209,12.56338028169014,60114.0,False,False
2588,686.0689655172414,775.4310344827586,49.010000000000005,7.8994601136704485,17.224137931034484,64324.0,False,False
2589,684.1616161616162,972.060606060606,41.82750000000001,7.297700121093632,13.191919191919192,60948.0,False,False
2590,685.0204081632653,634.5612244897959,41.405,7.260749503306075,15.285714285714286,50186.0,False,False
2591,685.1649484536083,1149.1030927835052,40.9825,7.22360987610134,47.28865979381443,83601.0,True,False
2592,685.1219512195122,1195.3292682926829,34.645,6.641640160935379,16.329268292682926,47225.0,False,False
2593,687.3130434782609,156.75652173913045,48.587500000000006,7.8653370162898755,16.904347826086955,41045.0,False,False
2594,685.8139534883721,746.1550387596899,54.502500000000005,8.33035043001963,16.2015503875969,66165.0,False,False
2595,687.6338028169014,824.6056338028169,59.995000000000005,8.740023254338977,15.316901408450704,63983.0,False,False
2596,685.6868686868687,891.2626262626262,41.82750000000001,7.297700121093632,13.88888888888889,51073.0,False,False
2597,684.2564102564103,940.5128205128206,32.955000000000005,6.477623730716943,21.512820512820515,76813.0,False,False
2598,685.9855072463768,1107.0869565217392,29.152500000000003,6.092463855279885,14.27536231884058,47515.0,False,False
2599,688.5980392156863,214.64705882352942,43.095000000000006,7.407446130776911,11.705882352941176,38915.0,False,False
2600,689.76,323.392,52.81250000000001,8.200180696565521,11.52,37877.0,False,False
2601,689.0786516853933,370.2022471910112,75.20500000000001,9.785396259825553,15.601123595505618,43112.0,False,False
2602,685.9555555555555,480.6666666666667,19.012500000000003,4.920108417939312,21.066666666666666,58345.0,False,False
2603,687.1304347826087,725.4347826086956,48.587500000000006,7.8653370162898755,21.121739130434783,56655.0,False,False
2604,688.1578947368421,854.6421052631579,40.1375,7.148751795020415,18.231578947368423,47051.0,False,False
2605,686.6984126984127,955.0,26.617500000000003,5.8215507884058,33.73015873015873,69702.0,True,False
2606,689.8832487309645,1212.8629441624366,83.2325,10.294411610537507,13.97969543147208,44462.0,False,False
2607,690.0947368421052,404.5157894736842,40.1375,7.148751795020415,11.778947368421052,44994.0,False,False
2608,690.2162162162163,1140.7297297297298,46.89750000000001,7.727337934192946,42.68468468468468,80806.0,True,False
2609,688.3589743589744,1257.4871794871794,16.477500000000003,4.5803716659648535,11.179487179487179,19694.0,False,False
2610,690.1301369863014,423.23972602739724,61.68500000000001,8.86226727857993,13.253424657534246,41264.0,False,False
2611,689.1509433962265,616.2264150943396,22.392500000000002,5.3395708165996005,19.0,55765.0,False,False
2612,693.0384615384615,100.98076923076923,65.91000000000001,9.160743331929707,12.916666666666666,39606.0,False,False
2613,690.7964601769911,174.49557522123894,47.74250000000001,7.796642800880295,9.47787610619469,40690.0,False,False
2614,693.7560975609756,255.97560975609755,51.96750000000001,8.134314724734013,10.455284552845528,35490.0,False,False
2615,689.4883720930233,312.90697674418607,36.335,6.801702644040839,11.034883720930232,37128.0,False,False
2616,690.8552631578947,446.7631578947368,32.11000000000001,6.394037987175715,11.105263157894736,41325.0,False,False
2617,690.1206896551724,661.8620689655172,24.505000000000003,5.58576181408903,14.879310344827585,42573.0,False,False
2618,690.4823529411765,986.9411764705883,35.9125,6.762042232218129,20.141176470588235,51045.0,False,False
2619,690.8965517241379,36.58620689655172,24.505000000000003,5.58576181408903,8.344827586206897,33859.0,False,False
2620,692.06,299.17,42.25000000000001,7.3344645861208315,10.55,37841.0,False,False
2621,690.953125,608.828125,27.040000000000003,5.867571668896666,15.5,55498.0,False,False
2622,691.4021739130435,699.5869565217391,38.870000000000005,7.034971293747812,16.42391304347826,48472.0,False,False
2623,690.03125,862.65625,13.520000000000001,4.148999716174901,14.8125,47972.0,False,False
2624,692.5882352941177,1009.1411764705882,35.9125,6.762042232218129,8.2,46278.0,False,False
2625,690.9285714285714,241.92857142857142,11.830000000000002,3.8810338589372004,8.107142857142858,35792.0,False,False
2626,691.7843137254902,969.6078431372549,21.547500000000003,5.237855390346407,15.823529411764707,64391.0,False,False
2627,694.1777777777778,354.03333333333336,38.025000000000006,6.958084052995808,15.6,42906.0,False,False
2628,694.2752293577981,563.348623853211,46.0525,7.6574058357851245,13.220183486238533,48445.0,False,False
2629,693.4891304347826,1126.9347826086957,38.870000000000005,7.034971293747812,15.597826086956522,68844.0,False,False
2630,693.4473684210526,1233.0877192982457,48.165000000000006,7.831065232276457,8.078947368421053,38453.0,False,False
2631,695.0985915492957,291.0281690140845,29.997500000000002,6.180129710871209,10.52112676056338,37177.0,False,False
2632,693.7166666666667,389.95,25.35,5.681251839078812,12.35,45019.0,False,False
2633,694.4791666666666,541.1041666666666,20.28,5.081466123790367,16.416666666666668,51567.0,False,False
2634,697.0169491525423,677.7542372881356,49.855000000000004,7.967267881951225,12.177966101694915,42651.0,False,False
2635,699.7283236994219,148.20809248554914,73.0925,9.646981985240508,18.00578034682081,41162.0,False,False
2636,693.9655172413793,927.0344827586207,12.252500000000001,3.9497300568352243,30.517241379310345,74523.0,False,False
2637,695.9433962264151,1072.433962264151,22.392500000000002,5.3395708165996005,16.358490566037737,64142.0,False,False
2638,699.1342281879195,505.4697986577181,62.95250000000001,8.952854988211321,39.56375838926174,66286.0,True,True
2639,697.2622950819672,398.27868852459017,25.7725,5.728399965669906,14.262295081967213,46232.0,False,False
2640,699.5785123966942,487.6942148760331,51.1225,8.067911044732915,29.520661157024794,64496.0,False,False
2641,696.8297872340426,613.6595744680851,19.8575,5.028255588131782,21.148936170212767,59070.0,False,False
2642,699.89,694.72,42.25000000000001,7.3344645861208315,15.21,46049.0,False,False
2643,698.1111111111111,906.8518518518518,22.815,5.389708731752834,13.851851851851851,74559.0,False,False
2644,696.1153846153846,1051.3461538461538,10.985000000000001,3.7398578046385347,40.38461538461539,66617.0,True,True
2645,700.0,65.62,21.125000000000004,5.186249645218625,14.58,42049.0,False,False
2646,701.3851851851852,179.03703703703704,57.03750000000001,8.521877758618217,11.992592592592592,42350.0,False,False
2647,700.21875,331.5625,40.56,7.186278309003779,12.666666666666666,41408.0,False,False
2648,700.6190476190476,570.9809523809524,44.362500000000004,7.51558975086544,14.876190476190477,49951.0,False,False
2649,698.2790697674419,794.7209302325581,18.1675,4.809530063215748,19.813953488372093,66394.0,False,False
2650,699.9310344827586,935.0114942528736,36.7575,6.8411331346205175,34.206896551724135,76852.0,False,False
2651,700.2083333333334,1119.71875,40.56,7.186278309003779,14.427083333333334,55747.0,False,False
2652,698.4074074074074,1175.5925925925926,22.815,5.389708731752834,10.74074074074074,57255.0,False,False
2653,702.3584905660377,158.02830188679246,44.785000000000004,7.5512934660867375,25.31132075471698,41587.0,False,False
2654,700.0185185185185,554.3518518518518,22.815,5.389708731752834,14.574074074074074,48328.0,False,False
2655,700.7216494845361,718.1340206185567,40.9825,7.22360987610134,23.1340206185567,51476.0,True,True
2656,700.8275862068965,859.8390804597701,36.7575,6.8411331346205175,18.770114942528735,49285.0,False,False
2657,700.4102564102565,997.2948717948718,32.955000000000005,6.477623730716943,28.82051282051282,46712.0,True,True
2658,701.1325301204819,1094.9277108433735,35.0675,6.682015245043993,11.265060240963855,51714.0,False,False
2659,702.5038167938932,271.0229007633588,55.347500000000004,8.394678415652944,10.183206106870228,36855.0,False,False
2660,700.5254237288135,529.2203389830509,24.927500000000002,5.633709146857493,17.203389830508474,58586.0,False,False
2661,703.1854838709677,214.75,52.39000000000001,8.167314108608483,18.193548387096776,41754.0,False,False
2662,702.7931034482758,652.1724137931035,24.505000000000003,5.58576181408903,14.206896551724139,49679.0,False,False
2663,704.36,290.72,42.25000000000001,7.3344645861208315,14.13,37952.0,False,False
2664,704.6930693069307,737.2277227722773,42.67250000000001,7.371045683803026,20.03960396039604,60000.0,False,False
2665,705.1401869158879,761.0560747663551,90.415,10.72939669493256,34.09345794392523,59934.0,True,True
2666,705.1153846153846,104.98717948717949,65.91000000000001,9.160743331929707,13.35897435897436,39694.0,False,False
2667,704.2790697674419,809.2209302325581,36.335,6.801702644040839,40.97674418604651,59209.0,True,False
2668,704.4691358024692,919.8641975308642,34.222500000000004,6.601018127508749,26.950617283950617,80172.0,False,False
2669,704.4,1148.1391304347826,48.587500000000006,7.8653370162898755,18.53913043478261,68546.0,False,False
2670,703.3714285714286,1169.3142857142857,14.787500000000001,4.339127765780955,18.314285714285713,59986.0,False,False
2671,706.7142857142857,432.12857142857143,88.72500000000001,10.628648954906136,11.961904761904762,44928.0,False,False
2672,704.55,455.3833333333333,25.35,5.681251839078812,10.2,43714.0,False,False
2673,706.425,477.45,33.800000000000004,6.560144557252417,10.5375,57941.0,False,False
2674,705.15,632.9833333333333,25.35,5.681251839078812,18.816666666666666,61247.0,False,False
2675,705.9494949494949,643.939393939394,41.82750000000001,7.297700121093632,12.595959595959595,56412.0,False,False
2676,705.5,1108.5,22.815,5.389708731752834,15.092592592592593,52493.0,False,False
2677,706.2941176470588,192.61176470588236,35.9125,6.762042232218129,14.047058823529412,42557.0,False,False
2678,706.4268292682926,1187.9146341463415,34.645,6.641640160935379,17.121951219512194,51869.0,False,False
2679,709.4772727272727,11.545454545454545,37.18000000000001,6.880337656921596,12.363636363636363,30120.0,False,False
2680,708.6896551724138,543.948275862069,49.010000000000005,7.8994601136704485,14.60344827586207,48590.0,False,False
2681,706.1320754716982,898.6415094339623,22.392500000000002,5.3395708165996005,20.39622641509434,85173.0,False,False
2682,706.6206896551724,927.948275862069,24.505000000000003,5.58576181408903,37.60344827586207,79948.0,False,False
2683,706.3404255319149,953.6382978723404,19.8575,5.028255588131782,26.70212765957447,70851.0,False,False
2684,708.981308411215,1224.4299065420562,45.2075,7.586829161027343,10.663551401869158,40705.0,False,False
2685,708.9868421052631,681.4342105263158,32.11000000000001,6.394037987175715,11.868421052631579,41193.0,False,False
2686,708.6428571428571,1073.9464285714287,23.660000000000004,5.488610719338178,20.964285714285715,67938.0,False,False
2687,709.7830188679245,706.6603773584906,44.785000000000004,7.5512934660867375,14.5,48127.0,False,False
2688,709.3790322580645,1061.6129032258063,52.39000000000001,8.167314108608483,48.693548387096776,68757.0,True,False
2689,709.0181818181818,1084.0727272727272,23.2375,5.439384516724603,12.672727272727272,61298.0,False,False
2690,711.775641025641,178.39743589743588,65.91000000000001,9.160743331929707,9.852564102564102,44145.0,False,False
2691,712.3928571428571,780.1214285714286,59.150000000000006,8.67825553156191,12.32857142857143,63245.0,False,False
2692,710.2236842105264,1233.0394736842106,32.11000000000001,6.394037987175715,13.144736842105264,38448.0,False,False
2693,710.7735849056604,875.7547169811321,22.392500000000002,5.3395708165996005,16.88679245283019,71877.0,False,False
2694,710.7551020408164,964.9183673469388,20.7025,5.134125210284583,17.693877551020407,64640.0,False,False
2695,712.6271186440678,1117.135593220339,24.927500000000002,5.633709146857493,18.322033898305083,53077.0,False,False
2696,712.5818181818182,50.945454545454545,46.475,7.692451354514157,9.572727272727272,41295.0,False,False
2697,714.015625,124.34375,54.080000000000005,8.297999432349801,10.1796875,39481.0,False,False
2698,711.375,564.375,20.28,5.081466123790367,13.833333333333334,49941.0,False,False
2699,713.3269230769231,283.0,43.940000000000005,7.479715609277069,12.182692307692308,38220.0,False,False
2700,717.0357142857143,75.2202380952381,70.98,9.506552628860888,23.095238095238095,44783.0,False,False
2701,717.7372262773723,149.44525547445255,57.88250000000001,8.584770698634475,16.64963503649635,46646.0,False,False
2702,714.90625,554.28125,40.56,7.186278309003779,13.020833333333334,47603.0,False,False
2703,716.2201834862385,362.91743119266056,46.0525,7.6574058357851245,10.844036697247706,41370.0,False,False
2704,716.265306122449,639.8469387755102,41.405,7.260749503306075,12.581632653061224,63629.0,False,True
2705,717.2352941176471,690.9509803921569,43.095000000000006,7.407446130776911,12.754901960784315,41635.0,False,False
2706,715.8082191780821,870.6301369863014,30.842500000000005,6.266569289371519,20.027397260273972,72957.0,False,False
2707,716.3473684210526,882.2210526315789,40.1375,7.148751795020415,20.28421052631579,97153.0,False,True
2708,715.639344262295,60.22950819672131,25.7725,5.728399965669906,10.19672131147541,41949.0,False,False
2709,717.6015625,138.3125,54.080000000000005,8.297999432349801,12.1484375,44162.0,False,False
2710,716.7058823529412,222.50980392156862,43.095000000000006,7.407446130776911,13.735294117647058,48616.0,False,False
2711,715.9444444444445,232.87037037037038,22.815,5.389708731752834,12.592592592592593,44798.0,False,False
2712,714.8253968253969,306.9047619047619,26.617500000000003,5.8215507884058,15.0,40435.0,False,False
2713,715.4130434782609,334.2608695652174,19.435000000000002,4.974475907261778,13.26086956521739,40526.0,False,False
2714,716.8493150684932,393.90410958904107,61.68500000000001,8.86226727857993,19.616438356164384,48354.0,False,False
2715,719.4634146341464,434.5365853658537,69.29,9.392697591996637,13.487804878048781,46769.0,False,False
2716,717.4444444444445,592.7870370370371,45.63,7.622199185685551,18.324074074074073,61678.0,False,False
2717,718.2424242424242,793.0984848484849,55.77,8.426658258757147,12.280303030303031,60107.0,False,False
2718,715.566037735849,1170.5471698113208,22.392500000000002,5.3395708165996005,19.79245283018868,54540.0,False,False
2719,719.7372262773723,195.96350364963504,57.88250000000001,8.584770698634475,15.021897810218977,47835.0,False,False
2720,716.1428571428571,299.07142857142856,17.745,4.753276314430444,14.976190476190476,40403.0,False,False
2721,719.0075187969925,421.1127819548872,56.1925,8.458517193783473,19.210526315789473,49642.0,False,False
2722,718.1666666666666,1059.6666666666667,32.955000000000005,6.477623730716943,36.02564102564103,67973.0,True,False
2723,720.0793650793651,160.96825396825398,53.23500000000001,8.232916079007266,13.119047619047619,48037.0,False,False
2724,722.6790697674419,243.05116279069767,90.8375,10.754436161179271,15.693023255813953,42778.0,False,False
2725,720.5090909090909,569.2181818181818,46.475,7.692451354514157,16.681818181818183,53121.0,False,False
2726,719.53125,583.0625,40.56,7.186278309003779,18.927083333333332,56633.0,False,False
2727,719.2235294117647,648.3882352941176,35.9125,6.762042232218129,13.670588235294117,60946.0,False,True
2728,720.7341772151899,783.5189873417721,33.377500000000005,6.519014718835807,17.582278481012658,56940.0,False,False
2729,718.7439024390244,897.1341463414634,34.645,6.641640160935379,42.36585365853659,112820.0,True,True
2730,720.6923076923077,349.50961538461536,43.940000000000005,7.479715609277069,14.423076923076923,39726.0,False,False
2731,718.7692307692307,507.5192307692308,21.970000000000002,5.288957628666685,16.307692307692307,61804.0,False,False
2732,720.7450980392157,707.1078431372549,43.095000000000006,7.407446130776911,9.980392156862745,45127.0,False,False
2733,721.9741379310345,936.1724137931035,49.010000000000005,7.8994601136704485,16.46551724137931,90261.0,False,False
2734,718.6923076923077,1182.6410256410256,32.955000000000005,6.477623730716943,21.05128205128205,54523.0,False,False
2735,719.4675324675325,1197.935064935065,32.532500000000006,6.4359665543799,15.753246753246753,50959.0,False,False
2736,720.1351351351351,4.864864864864865,31.265000000000004,6.309345002941657,12.77027027027027,27460.0,False,False
2737,720.7289719626168,257.50467289719626,45.2075,7.586829161027343,10.80373831775701,39357.0,False,False
2738,721.4453125,718.09375,54.080000000000005,8.297999432349801,14.5625,47182.0,False,False
2739,720.5757575757576,1035.1818181818182,27.885,5.958547197508803,9.712121212121213,66189.0,False,True
2740,718.9038461538462,1050.423076923077,21.970000000000002,5.288957628666685,26.557692307692307,67584.0,False,False
2741,723.0,21.434108527131784,54.502500000000005,8.33035043001963,18.868217054263567,37603.0,False,False
2742,721.6326530612245,209.75510204081633,41.405,7.260749503306075,16.387755102040817,53562.0,False,False
2743,721.3787878787879,615.9848484848485,27.885,5.958547197508803,32.95454545454545,70192.0,True,False
2744,720.5098039215686,947.5490196078431,21.547500000000003,5.237855390346407,18.15686274509804,76762.0,False,False
2745,720.875,1007.625,16.900000000000002,4.638722701997206,10.4,53469.0,False,False
2746,727.0227272727273,1101.5863636363636,92.95,10.878769033449206,29.504545454545454,58185.0,True,False
2747,724.7083333333334,504.0,40.56,7.186278309003779,14.895833333333334,59514.0,False,False
2748,726.3904761904762,732.8952380952381,44.362500000000004,7.51558975086544,12.257142857142858,47347.0,False,False
2749,726.2337662337662,854.7792207792207,32.532500000000006,6.4359665543799,19.83116883116883,58042.0,False,False
2750,726.5824175824176,1209.4945054945056,38.447500000000005,6.996633290104976,20.24175824175824,46979.0,False,False
2751,727.2881355932203,185.72033898305085,49.855000000000004,7.967267881951225,13.177966101694915,47502.0,False,False
2752,726.969696969697,266.1111111111111,41.82750000000001,7.297700121093632,13.424242424242424,38710.0,False,False
2753,727.6258064516129,455.80645161290323,65.48750000000001,9.131334770220834,13.625806451612902,47832.0,False,False
2754,731.2760416666666,600.3125,81.12,10.162932247580734,20.921875,66664.0,False,False
2755,730.281045751634,30.41176470588235,64.64250000000001,9.072231658778492,19.92156862745098,40124.0,False,True
2756,729.8181818181819,390.83522727272725,74.36000000000001,9.730266828124844,12.534090909090908,48444.0,False,False
2757,725.528735632184,627.528735632184,36.7575,6.8411331346205175,46.12643678160919,72497.0,True,True
2758,726.62,93.4,21.125000000000004,5.186249645218625,13.72,43179.0,False,False
2759,729.9466019417475,542.3058252427185,87.03500000000001,10.526937055764364,12.635922330097088,48118.0,False,False
2760,726.9473684210526,901.5438596491229,24.082500000000003,5.537399329656889,72.6842105263158,125051.0,True,True
2761,726.8,948.86,21.125000000000004,5.186249645218625,25.9,76772.0,False,False
2762,727.0980392156863,1226.6470588235295,21.547500000000003,5.237855390346407,7.254901960784314,43802.0,False,False
2763,730.7222222222222,71.53968253968254,53.23500000000001,8.232916079007266,15.0,42232.0,False,False
2764,732.7102272727273,143.23863636363637,74.36000000000001,9.730266828124844,15.988636363636363,46687.0,False,False
2765,728.3714285714286,741.4428571428572,29.575000000000003,6.136453335237093,15.357142857142858,49284.0,False,False
2766,727.6,1250.4166666666667,25.35,5.681251839078812,18.283333333333335,28570.0,False,False
2767,732.046875,664.8046875,54.080000000000005,8.297999432349801,13.2265625,48949.0,False,False
2768,730.0892857142857,964.5,23.660000000000004,5.488610719338178,14.446428571428571,63655.0,False,False
2769,729.3947368421053,1043.7368421052631,32.11000000000001,6.394037987175715,18.723684210526315,64211.0,False,False
2770,731.5044247787611,1146.7079646017698,47.74250000000001,7.796642800880295,14.345132743362832,51260.0,False,False
2771,731.4615384615385,578.2857142857143,38.447500000000005,6.996633290104976,21.505494505494507,55813.0,False,False
2772,731.7415730337078,708.4044943820224,37.602500000000006,6.919320051920128,13.146067415730338,43747.0,False,False
2773,729.4603174603175,1177.936507936508,26.617500000000003,5.8215507884058,20.857142857142858,54538.0,False,False
2774,734.6544117647059,176.26470588235293,57.46000000000001,8.553382035223404,12.051470588235293,48002.0,False,False
2775,733.8613138686131,683.4817518248175,57.88250000000001,8.584770698634475,12.86861313868613,40952.0,False,False
2776,733.5637583892617,841.3154362416108,62.95250000000001,8.952854988211321,16.395973154362416,49910.0,False,False
2777,732.0392156862745,1076.0294117647059,43.095000000000006,7.407446130776911,13.166666666666666,63096.0,False,False
2778,735.109375,82.265625,54.080000000000005,8.297999432349801,11.953125,41126.0,False,False
2779,736.8247011952192,221.45418326693226,106.04750000000001,11.619977221161072,18.51394422310757,69609.0,False,False
2780,735.1984732824427,292.8167938931298,55.347500000000004,8.394678415652944,15.580152671755725,39591.0,False,False
2781,731.2115384615385,471.9807692307692,21.970000000000002,5.288957628666685,26.576923076923077,52549.0,False,False
2782,735.0990099009902,309.3267326732673,42.67250000000001,7.371045683803026,15.118811881188119,41028.0,False,False
2783,737.1123595505618,379.44943820224717,75.20500000000001,9.785396259825553,13.606741573033707,43514.0,False,False
2784,734.5490196078431,402.6666666666667,43.095000000000006,7.407446130776911,20.029411764705884,54262.0,False,False
2785,735.3212121212122,612.6424242424242,69.7125,9.421290344870497,21.55757575757576,74140.0,True,False
2786,734.900826446281,813.7851239669421,51.1225,8.067911044732915,13.041322314049587,45684.0,False,False
2787,736.6363636363636,411.3909090909091,46.475,7.692451354514157,16.336363636363636,54566.0,True,True
2788,735.7083333333334,420.1041666666667,40.56,7.186278309003779,18.916666666666668,51310.0,False,False
2789,735.5169491525423,796.8983050847457,49.855000000000004,7.967267881951225,16.406779661016948,45882.0,False,False
2790,733.86,905.68,21.125000000000004,5.186249645218625,82.44,129775.0,True,True
2791,733.421052631579,919.5964912280701,24.082500000000003,5.537399329656889,17.68421052631579,121107.0,False,False
2792,733.1428571428571,1228.7142857142858,23.660000000000004,5.488610719338178,9.25,45263.0,False,False
2793,737.6304347826087,500.268115942029,58.30500000000001,8.616045012404687,13.36231884057971,55097.0,False,False
2794,735.0675675675676,974.3918918918919,31.265000000000004,6.309345002941657,13.513513513513514,58420.0,False,False
2795,734.54,1059.74,21.125000000000004,5.186249645218625,10.1,58766.0,False,False
2796,737.8627450980392,15.92156862745098,43.095000000000006,7.407446130776911,18.970588235294116,33958.0,False,False
2797,738.2290076335878,366.5038167938931,55.347500000000004,8.394678415652944,11.618320610687023,35697.0,False,False
2798,737.7448979591836,751.8571428571429,41.405,7.260749503306075,13.714285714285714,45667.0,False,False
2799,735.6296296296297,936.7037037037037,22.815,5.389708731752834,22.11111111111111,89223.0,False,False
2800,735.5714285714286,1163.0408163265306,20.7025,5.134125210284583,14.224489795918368,53192.0,False,False
2801,739.6864406779661,127.88983050847457,49.855000000000004,7.967267881951225,10.669491525423728,40856.0,False,False
2802,737.9058823529411,516.3058823529411,35.9125,6.762042232218129,15.364705882352942,48572.0,False,False
2803,736.5,732.0731707317074,34.645,6.641640160935379,10.682926829268293,44221.0,False,False
2804,735.8965517241379,1202.2413793103449,12.252500000000001,3.9497300568352243,20.517241379310345,49205.0,False,False
2805,738.4556962025316,473.0253164556962,33.377500000000005,6.519014718835807,25.544303797468356,53908.0,False,True
2806,744.8063063063063,486.72522522522524,93.79500000000002,10.928106107575758,18.01801801801802,55880.0,False,False
2807,737.8648648648649,1108.3243243243244,31.265000000000004,6.309345002941657,26.43243243243243,62645.0,False,False
2808,740.6280991735537,1133.2892561983472,51.1225,8.067911044732915,14.84297520661157,59099.0,False,False
2809,741.3959731543624,197.5503355704698,62.95250000000001,8.952854988211321,20.375838926174495,74066.0,False,False
2810,741.018018018018,332.60360360360363,46.89750000000001,7.727337934192946,10.891891891891891,37628.0,False,False
2811,741.2612612612612,453.84684684684686,46.89750000000001,7.727337934192946,14.36936936936937,49313.0,False,False
2812,739.8148148148148,643.3086419753087,34.222500000000004,6.601018127508749,40.2962962962963,68550.0,True,False
2813,741.5299145299145,923.025641025641,49.432500000000005,7.933436443000028,31.683760683760685,114188.0,False,False
2814,741.6229508196722,157.54098360655738,51.545,8.101180922147954,28.959016393442624,47715.0,False,False
2815,738.9166666666666,1120.9722222222222,15.21,4.4006787516724994,10.694444444444445,62358.0,False,False
2816,739.3770491803278,1187.8524590163934,25.7725,5.728399965669906,18.80327868852459,53182.0,False,False
2817,741.6923076923077,462.1923076923077,21.970000000000002,5.288957628666685,21.942307692307693,51770.0,False,False
2818,744.3934426229508,277.3524590163934,51.545,8.101180922147954,8.09016393442623,38094.0,False,False
2819,741.448275862069,905.5344827586207,24.505000000000003,5.58576181408903,93.60344827586206,130544.0,True,False
2820,743.4137931034483,912.7126436781609,36.7575,6.8411331346205175,38.793103448275865,126813.0,False,True
2821,741.5,964.2083333333334,20.28,5.081466123790367,12.9375,65144.0,False,False
2822,742.2421052631579,1214.8526315789475,40.1375,7.148751795020415,14.221052631578948,55012.0,False,False
2823,743.0625,1249.1875,33.800000000000004,6.560144557252417,14.5875,34185.0,False,False
2824,744.77,781.51,42.25000000000001,7.3344645861208315,11.89,42670.0,False,False
2825,745.1875,888.9732142857143,47.32000000000001,7.762067717874401,76.85714285714286,125691.0,True,False
2826,745.4344262295082,55.17213114754098,51.545,8.101180922147954,8.762295081967213,34160.0,False,False
2827,744.8028169014085,319.3380281690141,29.997500000000002,6.180129710871209,12.76056338028169,39155.0,False,False
2828,743.8688524590164,734.8688524590164,25.7725,5.728399965669906,13.180327868852459,43780.0,False,False
2829,743.2916666666666,1233.9583333333333,20.28,5.081466123790367,13.979166666666666,49413.0,False,False
2830,746.4761904761905,76.58095238095238,44.362500000000004,7.51558975086544,11.866666666666667,36755.0,False,False
2831,745.6666666666666,428.18055555555554,30.42,6.223499574262349,13.027777777777779,47463.0,False,False
2832,747.1538461538462,712.7552447552448,60.417500000000004,8.770743993187619,15.657342657342657,44746.0,False,True
2833,747.15,793.5928571428572,59.150000000000006,8.67825553156191,11.607142857142858,41845.0,False,False
2834,745.1764705882352,1143.862745098039,21.547500000000003,5.237855390346407,16.568627450980394,60321.0,False,False
2835,745.2957746478874,343.98591549295776,29.997500000000002,6.180129710871209,11.253521126760564,34280.0,False,False
2836,746.4954954954954,842.5225225225225,46.89750000000001,7.727337934192946,14.117117117117116,51552.0,False,False
2837,745.3492063492064,1018.6984126984127,26.617500000000003,5.8215507884058,31.634920634920636,52839.0,True,False
2838,746.8813559322034,1178.4406779661017,24.927500000000002,5.633709146857493,15.677966101694915,54612.0,False,False
2839,749.016393442623,257.9344262295082,51.545,8.101180922147954,8.114754098360656,42110.0,False,False
2840,747.5619047619048,355.6095238095238,44.362500000000004,7.51558975086544,8.838095238095239,33830.0,False,False
2841,749.3333333333334,684.4148148148148,57.03750000000001,8.521877758618217,13.718518518518518,43295.0,False,False
2842,746.5,824.7083333333334,20.28,5.081466123790367,16.270833333333332,44490.0,False,False
2843,746.2321428571429,876.2857142857143,23.660000000000004,5.488610719338178,34.767857142857146,107395.0,False,False
2844,748.4871794871794,1162.948717948718,49.432500000000005,7.933436443000028,17.60683760683761,56151.0,False,False
2845,754.3010752688172,205.21505376344086,78.58500000000001,10.002876067562408,73.89784946236558,81000.0,True,False
2846,747.3541666666666,773.2291666666666,20.28,5.081466123790367,12.666666666666666,43294.0,False,False
2847,751.875,110.61875,67.60000000000001,9.277445403994411,7.975,34859.0,False,False
2848,749.15,326.56666666666666,25.35,5.681251839078812,11.483333333333333,37276.0,False,False
2849,749.8111111111111,528.9555555555555,38.025000000000006,6.958084052995808,15.722222222222221,46810.0,False,False
2850,748.0,697.5,19.435000000000002,4.974475907261778,16.67391304347826,43747.0,False,False
2851,754.4818652849741,168.279792746114,81.5425,10.18936384552868,14.487046632124352,48342.0,False,False
2852,750.5555555555555,247.55555555555554,34.222500000000004,6.601018127508749,14.135802469135802,46645.0,False,False
2853,750.1911764705883,403.61764705882354,28.730000000000004,6.048154439185661,20.08823529411765,55842.0,False,False
2854,757.4364161849711,546.3757225433526,146.185,13.642892759496052,15.11849710982659,44780.0,False,False
2855,750.6333333333333,673.6222222222223,38.025000000000006,6.958084052995808,10.5,46765.0,False,False
2856,751.4444444444445,1101.873015873016,26.617500000000003,5.8215507884058,20.142857142857142,63164.0,False,False
2857,751.4777777777778,157.5222222222222,38.025000000000006,6.958084052995808,25.744444444444444,47640.0,True,False
2858,753.0672268907563,368.47058823529414,50.2775,8.000956268498294,8.428571428571429,39208.0,False,False
2859,750.3661971830986,393.056338028169,29.997500000000002,6.180129710871209,14.901408450704226,52081.0,False,False
2860,756.3898305084746,506.8686440677966,99.71000000000001,11.267418293714986,18.01271186440678,48837.0,False,True
2861,751.2333333333333,1114.7833333333333,25.35,5.681251839078812,22.35,65324.0,False,False
2862,753.8536585365854,1189.5691056910568,51.96750000000001,8.134314724734013,14.772357723577235,56369.0,False,False
2863,753.4495412844037,96.37614678899082,46.0525,7.6574058357851245,14.009174311926605,34979.0,False,True
2864,751.8333333333334,238.5,25.35,5.681251839078812,14.183333333333334,59555.0,False,False
2865,753.0294117647059,281.5147058823529,28.730000000000004,6.048154439185661,11.602941176470589,36838.0,False,False
2866,753.8939393939394,379.280303030303,55.77,8.426658258757147,11.93939393939394,46138.0,False,False
2867,754.7433628318585,519.3982300884956,47.74250000000001,7.796642800880295,14.495575221238939,46977.0,False,False
2868,752.047619047619,469.53968253968253,26.617500000000003,5.8215507884058,15.555555555555555,52293.0,True,False
2869,754.1075268817204,650.4301075268817,39.292500000000004,7.073101498742004,26.107526881720432,57600.0,True,False
2870,753.0263157894736,915.3947368421053,32.11000000000001,6.394037987175715,36.81578947368421,111564.0,False,True
2871,753.1355932203389,26.084745762711865,24.927500000000002,5.633709146857493,8.542372881355933,34721.0,False,False
2872,755.3203883495146,122.70873786407768,43.517500000000005,7.443668577254932,11.631067961165048,38551.0,False,False
2873,756.4511278195489,180.8345864661654,56.1925,8.458517193783473,12.007518796992482,66398.0,False,False
2874,755.2695652173913,585.8869565217391,48.587500000000006,7.8653370162898755,13.939130434782609,55923.0,False,False
2875,754.7115384615385,1246.5961538461538,21.970000000000002,5.288957628666685,17.057692307692307,45273.0,False,False
2876,753.7142857142857,225.89285714285714,11.830000000000002,3.8810338589372004,19.678571428571427,78660.0,False,False
2877,759.8894472361809,741.6884422110553,84.07750000000001,10.346535546861599,12.613065326633166,44142.0,False,False
2878,756.3673469387755,781.7551020408164,41.405,7.260749503306075,11.653061224489797,41669.0,False,False
2879,754.6382978723404,892.2765957446809,19.8575,5.028255588131782,42.5531914893617,116746.0,True,False
2880,755.7380952380952,1220.547619047619,35.49,6.722147829574334,15.869047619047619,68820.0,False,False
2881,759.4846153846154,192.8923076923077,54.925000000000004,8.362576277354894,20.33076923076923,77318.0,False,False
2882,758.0491803278688,494.28688524590166,51.545,8.101180922147954,16.901639344262296,51263.0,False,True
2883,756.5436893203884,1017.2330097087379,43.517500000000005,7.443668577254932,17.58252427184466,52300.0,False,False
2884,758.1972789115646,1071.5034013605443,62.10750000000001,8.892565716633143,12.598639455782314,46592.0,False,False
2885,760.0512820512821,31.628205128205128,65.91000000000001,9.160743331929707,8.403846153846153,31841.0,False,False
2886,758.4552845528456,143.27642276422765,51.96750000000001,8.134314724734013,12.365853658536585,44336.0,False,False
2887,759.6268656716418,390.2014925373134,56.61500000000001,8.490256581822557,27.186567164179106,50750.0,True,False
2888,759.109375,408.3046875,54.080000000000005,8.297999432349801,25.1796875,53812.0,False,False
2889,757.9834710743802,765.3388429752066,51.1225,8.067911044732915,11.661157024793388,41619.0,False,False
2890,757.1772151898734,821.2151898734177,33.377500000000005,6.519014718835807,17.341772151898734,43097.0,False,False
2891,761.59375,454.975,67.60000000000001,9.277445403994411,12.53125,47725.0,False,False
2892,759.5299145299145,528.4957264957264,49.432500000000005,7.933436443000028,17.931623931623932,45867.0,False,False
2893,759.0095238095238,934.2666666666667,44.362500000000004,7.51558975086544,25.266666666666666,77592.0,False,False
2894,758.0253164556962,1150.73417721519,33.377500000000005,6.519014718835807,20.9873417721519,64808.0,False,False
2895,761.9268292682926,564.079268292683,69.29,9.392697591996637,13.817073170731707,47480.0,False,False
2896,760.3617021276596,597.7978723404256,39.715,7.1110272478142695,19.03191489361702,55684.0,False,False
2897,758.2456140350877,991.0877192982456,24.082500000000003,5.537399329656889,21.035087719298247,50455.0,False,False
2898,757.95,1062.65,8.450000000000001,3.2800722786262084,5.7,44291.0,False,False
2899,760.8118811881188,442.2970297029703,42.67250000000001,7.371045683803026,10.92079207920792,44160.0,False,False
2900,761.4159292035398,631.8053097345132,47.74250000000001,7.796642800880295,26.495575221238937,62241.0,False,False
2901,761.2113821138212,909.650406504065,51.96750000000001,8.134314724734013,24.504065040650406,103064.0,False,False
2902,766.1971830985915,326.61032863849766,89.9925,10.704298656594888,10.95774647887324,36462.0,False,False
2903,761.4929577464789,418.01408450704224,29.997500000000002,6.180129710871209,16.338028169014084,52465.0,False,False
2904,761.0945945945946,832.2972972972973,31.265000000000004,6.309345002941657,16.635135135135137,45136.0,False,False
2905,761.578125,846.015625,27.040000000000003,5.867571668896666,16.015625,50383.0,False,False
2906,765.4924812030075,954.2368421052631,112.385,11.9621497330146,19.278195488721803,64420.0,False,False
2907,765.8963963963964,77.68468468468468,93.79500000000002,10.928106107575758,10.306306306306306,32857.0,False,False
2908,763.3846153846154,711.2649572649573,49.432500000000005,7.933436443000028,18.153846153846153,46598.0,False,True
2909,762.3214285714286,1136.0833333333333,35.49,6.722147829574334,30.13095238095238,66412.0,False,False
2910,765.1530612244898,1245.0816326530612,41.405,7.260749503306075,18.683673469387756,60197.0,False,False
2911,767.0823529411765,3.2705882352941176,35.9125,6.762042232218129,7.364705882352941,16602.0,False,False
2912,770.44,212.02285714285713,73.93750000000001,9.702584647343,44.98285714285714,77903.0,True,False
2913,765.9266055045872,291.6788990825688,46.0525,7.6574058357851245,10.752293577981652,36779.0,False,False
2914,768.4587155963303,341.04587155963304,92.105,10.829207185562208,9.889908256880734,33775.0,False,False
2915,764.5697674418604,1121.7209302325582,36.335,6.801702644040839,30.5,62711.0,False,False
2916,764.6752136752136,1225.3162393162393,49.432500000000005,7.933436443000028,37.17948717948718,78200.0,False,False
2917,766.4368932038835,693.3009708737864,43.517500000000005,7.443668577254932,16.611650485436893,44688.0,False,False
2918,766.3267326732673,870.9108910891089,42.67250000000001,7.371045683803026,16.287128712871286,73903.0,False,False
2919,766.483870967742,928.3225806451613,52.39000000000001,8.167314108608483,19.701612903225808,74519.0,False,False
2920,764.4406779661017,988.3050847457627,24.927500000000002,5.633709146857493,20.64406779661017,48731.0,False,False
2921,770.933628318584,1047.2433628318583,95.48500000000001,11.026117989983467,13.075221238938052,41151.0,False,False
2922,767.9569892473119,273.2903225806452,39.292500000000004,7.073101498742004,10.548387096774194,35777.0,False,False
2923,767.1333333333333,578.2740740740741,57.03750000000001,8.521877758618217,16.2,50452.0,False,False
2924,768.8837209302326,310.5968992248062,54.502500000000005,8.33035043001963,14.031007751937985,37518.0,False,False
2925,769.109243697479,492.70588235294116,50.2775,8.000956268498294,17.949579831932773,50111.0,False,False
2926,768.3333333333334,623.6875,40.56,7.186278309003779,15.604166666666666,58293.0,False,False
2927,768.7280701754386,677.5175438596491,48.165000000000006,7.831065232276457,11.035087719298245,42897.0,False,False
2928,768.8035714285714,41.044642857142854,47.32000000000001,7.762067717874401,8.0,25707.0,False,False
2929,767.3823529411765,140.27941176470588,28.730000000000004,6.048154439185661,11.294117647058824,42430.0,False,False
2930,769.7241379310345,198.79310344827587,36.7575,6.8411331346205175,40.64367816091954,75803.0,True,False
2931,767.8314606741573,398.97752808988764,37.602500000000006,6.919320051920128,36.61797752808989,53147.0,True,True
2932,767.7115384615385,999.7115384615385,21.970000000000002,5.288957628666685,12.173076923076923,49147.0,False,False
2933,768.3541666666666,258.9375,20.28,5.081466123790367,14.854166666666666,37725.0,False,False
2934,774.6084337349398,386.90361445783134,70.135,9.449796583524995,19.180722891566266,50701.0,False,False
2935,771.109756097561,912.1280487804878,69.29,9.392697591996637,18.603658536585368,77727.0,False,False
2936,771.9322033898305,353.0169491525424,49.855000000000004,7.967267881951225,10.322033898305085,33875.0,False,False
2937,771.5137614678899,646.2935779816514,46.0525,7.6574058357851245,11.229357798165138,55492.0,False,False
2938,772.3538461538461,772.7384615384616,54.925000000000004,8.362576277354894,14.576923076923077,41442.0,False,False
2939,773.5652173913044,789.0869565217391,68.02250000000001,9.306392261867519,10.850931677018634,37904.0,False,False
2940,773.8716577540107,1026.0374331550802,79.00750000000001,10.029729474450614,11.983957219251337,43335.0,False,False
2941,772.0315789473684,363.6736842105263,40.1375,7.148751795020415,9.410526315789474,36895.0,False,False
2942,772.2301587301587,596.9920634920635,53.23500000000001,8.232916079007266,17.825396825396826,51218.0,False,False
2943,771.8372093023256,665.0930232558139,36.335,6.801702644040839,12.5,45926.0,False,False
2944,771.7358490566038,879.9622641509434,22.392500000000002,5.3395708165996005,24.150943396226417,74059.0,False,False
2945,771.5119047619048,1133.4285714285713,35.49,6.722147829574334,34.80952380952381,66927.0,False,False
2946,770.6811594202899,1170.463768115942,29.152500000000003,6.092463855279885,13.420289855072463,59348.0,False,False
2947,774.92,410.28,52.81250000000001,8.200180696565521,15.016,55844.0,False,False
2948,774.1367521367522,509.9059829059829,49.432500000000005,7.933436443000028,13.982905982905983,45630.0,False,False
2949,775.189024390244,812.9878048780488,69.29,9.392697591996637,11.323170731707316,40634.0,False,False
2950,772.2763157894736,987.171052631579,32.11000000000001,6.394037987175715,12.328947368421053,46813.0,False,False
2951,774.0961538461538,104.0,43.940000000000005,7.479715609277069,9.307692307692308,31259.0,False,False
2952,773.9705882352941,190.86764705882354,28.730000000000004,6.048154439185661,17.676470588235293,69253.0,False,False
2953,773.9139784946236,1157.6666666666667,39.292500000000004,7.073101498742004,32.89247311827957,63954.0,False,False
2954,776.4104477611941,233.19402985074626,56.61500000000001,8.490256581822557,12.283582089552239,56554.0,False,False
2955,775.0833333333334,467.5416666666667,40.56,7.186278309003779,17.416666666666668,47094.0,False,False
2956,775.2272727272727,537.1590909090909,55.77,8.426658258757147,13.446969696969697,41790.0,False,False
2957,774.6964285714286,1073.0535714285713,47.32000000000001,7.762067717874401,14.6875,47043.0,False,False
2958,772.9090909090909,1106.25,18.590000000000003,4.865133414062422,16.863636363636363,61290.0,False,False
2959,776.7064220183486,483.0275229357798,46.0525,7.6574058357851245,13.807339449541285,48319.0,False,False
2960,774.4655172413793,701.0862068965517,24.505000000000003,5.58576181408903,15.53448275862069,45114.0,False,False
2961,779.0595238095239,858.7916666666666,70.98,9.506552628860888,13.666666666666666,50387.0,False,False
2962,777.5714285714286,1099.1714285714286,44.362500000000004,7.51558975086544,16.02857142857143,55396.0,False,False
2963,776.8834951456311,134.10679611650485,43.517500000000005,7.443668577254932,10.25242718446602,38572.0,False,False
2964,776.6822429906542,376.06542056074767,45.2075,7.586829161027343,12.121495327102803,44849.0,False,False
2965,776.15625,396.921875,27.040000000000003,5.867571668896666,22.046875,54482.0,False,False
2966,780.8134715025907,500.53367875647666,81.5425,10.18936384552868,13.984455958549223,45328.0,False,False
2967,778.7483870967742,556.7161290322581,65.48750000000001,9.131334770220834,11.083870967741936,43724.0,False,False
2968,776.7375,566.5,33.800000000000004,6.560144557252417,13.5375,46040.0,False,False
2969,780.241935483871,59.193548387096776,52.39000000000001,8.167314108608483,7.233870967741935,25556.0,False,False
2970,779.7425742574258,157.05940594059405,42.67250000000001,7.371045683803026,11.356435643564357,41372.0,False,False
2971,780.6576576576576,528.6306306306307,46.89750000000001,7.727337934192946,11.468468468468469,42081.0,False,False
2972,778.2409638554217,1222.1927710843374,35.0675,6.682015245043993,59.0722891566265,90361.0,True,False
2973,779.820895522388,1233.8208955223881,56.61500000000001,8.490256581822557,24.544776119402986,88696.0,False,False
2974,780.4,172.392,52.81250000000001,8.200180696565521,9.888,42160.0,False,False
2975,779.123076923077,828.6615384615385,27.462500000000002,5.913234393907399,14.861538461538462,41141.0,False,False
2976,779.8705882352941,1252.729411764706,35.9125,6.762042232218129,17.905882352941177,54489.0,False,False
2977,780.7974683544304,4.772151898734177,33.377500000000005,6.519014718835807,7.924050632911392,15040.0,False,False
2978,780.5189873417721,84.18987341772151,33.377500000000005,6.519014718835807,10.873417721518987,28386.0,False,False
2979,782.0479041916168,584.5449101796407,70.5575,9.47821708854842,22.395209580838323,47303.0,False,True
2980,780.7362637362637,667.1758241758242,38.447500000000005,6.996633290104976,10.54945054945055,49397.0,False,False
2981,782.5474452554745,695.9051094890511,57.88250000000001,8.584770698634475,13.978102189781023,45464.0,False,False
2982,782.6153846153846,743.6923076923077,49.432500000000005,7.933436443000028,13.547008547008547,48406.0,False,False
2983,779.234375,1011.03125,27.040000000000003,5.867571668896666,11.671875,42571.0,False,False
2984,780.7945205479452,1208.890410958904,30.842500000000005,6.266569289371519,25.616438356164384,89621.0,False,False
2985,780.2280701754386,1115.0350877192982,24.082500000000003,5.537399329656889,9.210526315789474,61248.0,False,False
2986,782.2947368421053,347.90526315789475,40.1375,7.148751795020415,11.021052631578947,35525.0,False,False
2987,783.3297872340426,364.4255319148936,39.715,7.1110272478142695,12.22340425531915,38111.0,False,False
2988,783.0113636363636,426.57954545454544,37.18000000000001,6.880337656921596,15.261363636363637,49427.0,False,False
2989,783.1818181818181,47.803030303030305,27.885,5.958547197508803,5.833333333333333,22994.0,False,False
2990,786.6042780748663,517.4064171122994,79.00750000000001,10.029729474450614,14.229946524064172,42030.0,False,False
2991,784.7227722772277,597.4455445544554,42.67250000000001,7.371045683803026,16.92079207920792,49542.0,False,False
2992,784.7236842105264,733.328947368421,32.11000000000001,6.394037987175715,16.13157894736842,49054.0,False,False
2993,784.7058823529412,1067.9495798319329,50.2775,8.000956268498294,12.285714285714286,47057.0,False,False
2994,786.2783505154639,179.93814432989691,40.9825,7.22360987610134,10.505154639175258,45579.0,False,False
2995,785.8783783783783,322.9256756756757,62.53000000000001,8.922761272851007,13.756756756756756,37895.0,False,False
2996,784.7901234567901,569.3333333333334,34.222500000000004,6.601018127508749,16.0,46227.0,False,False
2997,784.5058823529412,641.9882352941177,35.9125,6.762042232218129,13.435294117647059,57592.0,False,False
2998,789.6653543307086,973.2795275590552,107.31500000000001,11.689213050640065,13.539370078740157,45504.0,False,False
2999,789.1988636363636,201.11363636363637,74.36000000000001,9.730266828124844,17.477272727272727,57243.0,False,False
3000,785.7058823529412,476.45588235294116,28.730000000000004,6.048154439185661,14.044117647058824,44764.0,False,False
3001,786.2556390977444,1092.3007518796992,56.1925,8.458517193783473,26.31578947368421,49408.0,True,False
3002,786.112676056338,116.83098591549296,29.997500000000002,6.180129710871209,9.450704225352112,32490.0,False,False
3003,786.1758241758242,538.4835164835165,38.447500000000005,6.996633290104976,12.68131868131868,41050.0,False,False
3004,787.5688622754491,723.4011976047905,70.5575,9.47821708854842,15.059880239520957,47983.0,False,False
3005,789.4083333333333,131.6,50.7,8.034503402082343,11.925,39785.0,False,False
3006,787.6880733944954,227.69724770642202,46.0525,7.6574058357851245,9.541284403669724,50689.0,False,False
3007,790.504761904762,659.3809523809524,44.362500000000004,7.51558975086544,13.285714285714286,58432.0,False,False
3008,787.5074626865671,903.6417910447761,28.307500000000005,6.003518003020447,16.29850746268657,54687.0,False,False
3009,786.8061224489796,1009.1530612244898,41.405,7.260749503306075,11.806122448979592,39967.0,False,False
3010,787.1917808219179,1112.2876712328766,30.842500000000005,6.266569289371519,14.383561643835616,56837.0,False,False
3011,788.7425742574258,290.7821782178218,42.67250000000001,7.371045683803026,11.326732673267326,43373.0,False,False
3012,790.2720588235294,395.9779411764706,57.46000000000001,8.553382035223404,15.147058823529411,58650.0,False,False
3013,789.2247191011236,775.2808988764045,37.602500000000006,6.919320051920128,12.584269662921349,41742.0,False,False
3014,788.8314606741573,826.8314606741573,37.602500000000006,6.919320051920128,14.629213483146067,40397.0,False,False
3015,787.0701754385965,879.6491228070175,24.082500000000003,5.537399329656889,14.982456140350877,54522.0,True,False
3016,790.432,930.416,52.81250000000001,8.200180696565521,17.232,49851.0,False,False
3017,787.3333333333334,1153.2539682539682,26.617500000000003,5.8215507884058,22.444444444444443,64069.0,False,False
3018,788.2622950819672,1207.8852459016393,25.7725,5.728399965669906,23.475409836065573,97827.0,False,False
3019,790.125,36.302083333333336,40.56,7.186278309003779,5.447916666666667,21730.0,False,False
3020,788.45,168.55,25.35,5.681251839078812,12.933333333333334,41714.0,False,False
3021,789.4166666666666,250.41666666666666,30.42,6.223499574262349,9.527777777777779,37156.0,False,False
3022,794.1065989847716,312.48223350253807,83.2325,10.294411610537507,11.644670050761421,45910.0,False,False
3023,791.6825396825396,341.24603174603175,53.23500000000001,8.232916079007266,12.476190476190476,37102.0,False,False
3024,791.2101449275362,670.6594202898551,58.30500000000001,8.616045012404687,12.804347826086957,56183.0,False,False
3025,791.5816993464052,802.7124183006536,64.64250000000001,9.072231658778492,9.69281045751634,37623.0,False,False
3026,789.989010989011,996.8681318681319,38.447500000000005,6.996633290104976,17.065934065934066,40561.0,False,False
3027,792.1954887218045,10.706766917293233,56.1925,8.458517193783473,7.30827067669173,17103.0,False,False
3028,791.2612612612612,708.4774774774775,46.89750000000001,7.727337934192946,15.432432432432432,45989.0,False,False
3029,790.0571428571428,817.0428571428571,29.575000000000003,6.136453335237093,13.5,39277.0,False,False
3030,791.8717948717949,189.62820512820514,32.955000000000005,6.477623730716943,14.615384615384615,47490.0,False,False
3031,790.75,752.8035714285714,23.660000000000004,5.488610719338178,16.410714285714285,48350.0,False,False
3032,792.1262135922331,765.5145631067961,43.517500000000005,7.443668577254932,16.92233009708738,45142.0,False,False
3033,792.4367816091954,241.5632183908046,36.7575,6.8411331346205175,8.241379310344827,38322.0,False,False
3034,795.1404494382023,528.4269662921348,75.20500000000001,9.785396259825553,14.573033707865168,39971.0,False,False
3035,794.9542483660131,542.9607843137255,64.64250000000001,9.072231658778492,14.013071895424837,39492.0,False,False
3036,793.9007633587786,558.0916030534352,55.347500000000004,8.394678415652944,11.534351145038167,43861.0,False,False
3037,792.90625,566.671875,27.040000000000003,5.867571668896666,14.21875,46097.0,False,False
3038,794.4504504504505,604.5315315315315,46.89750000000001,7.727337934192946,11.711711711711711,48948.0,False,False
3039,794.3301886792453,618.2264150943396,44.785000000000004,7.5512934660867375,15.867924528301886,46346.0,False,False
3040,793.1125,1047.4875,33.800000000000004,6.560144557252417,12.1375,41781.0,False,False
3041,794.0103092783505,53.93814432989691,40.9825,7.22360987610134,5.371134020618556,21847.0,False,False
3042,795.8111111111111,498.9277777777778,76.05000000000001,9.840216835878625,13.783333333333333,39585.0,False,False
3043,794.3,687.95,42.25000000000001,7.3344645861208315,10.53,50114.0,False,False
3044,794.569105691057,839.0975609756098,51.96750000000001,8.134314724734013,10.8130081300813,42964.0,False,False
3045,792.2,1021.5428571428571,14.787500000000001,4.339127765780955,9.342857142857143,39163.0,False,False
3046,793.8072289156627,1144.7710843373493,35.0675,6.682015245043993,20.325301204819276,60889.0,False,False
3047,795.9626865671642,1174.0223880597016,56.61500000000001,8.490256581822557,17.01492537313433,64277.0,False,False
3048,792.9589041095891,1185.3698630136987,30.842500000000005,6.266569289371519,15.054794520547945,71854.0,False,False
3049,794.9538461538461,298.3538461538462,27.462500000000002,5.913234393907399,15.984615384615385,48383.0,False,False
3050,797.2611940298508,102.88805970149254,56.61500000000001,8.490256581822557,7.992537313432836,28186.0,False,False
3051,795.051724137931,1033.7931034482758,24.505000000000003,5.58576181408903,12.448275862068966,39509.0,False,False
3052,794.8285714285714,1069.6285714285714,14.787500000000001,4.339127765780955,12.4,50238.0,False,False
3053,795.0705882352942,1243.9058823529413,35.9125,6.762042232218129,38.78823529411765,79030.0,False,False
3054,797.8356164383562,360.8835616438356,61.68500000000001,8.86226727857993,10.643835616438356,42754.0,False,False
3055,798.9407407407407,782.1777777777778,57.03750000000001,8.521877758618217,11.02962962962963,41879.0,False,False
3056,795.8235294117648,1054.7058823529412,21.547500000000003,5.237855390346407,12.431372549019608,45394.0,False,False
3057,798.5806451612904,1124.7016129032259,52.39000000000001,8.167314108608483,12.733870967741936,51718.0,False,False
3058,794.3809523809524,1227.8809523809523,17.745,4.753276314430444,28.952380952380953,103116.0,False,False
3059,796.9206349206349,1256.126984126984,26.617500000000003,5.8215507884058,21.841269841269842,53685.0,False,False
3060,797.421875,348.265625,27.040000000000003,5.867571668896666,11.75,39992.0,False,False
3061,799.64,383.792,52.81250000000001,8.200180696565521,13.752,52765.0,False,False
3062,798.8163265306123,270.765306122449,41.405,7.260749503306075,12.10204081632653,42877.0,False,False
3063,799.0769230769231,625.1410256410256,32.955000000000005,6.477623730716943,14.85897435897436,49967.0,False,False
3064,798.035294117647,1114.164705882353,35.9125,6.762042232218129,11.24705882352941,49353.0,False,False
3065,797.3125,1201.2291666666667,20.28,5.081466123790367,22.8125,92524.0,False,False
3066,801.7866666666666,73.86,63.37500000000001,8.982847886254723,5.9,23443.0,False,False
3067,799.2763157894736,471.2763157894737,32.11000000000001,6.394037987175715,10.868421052631579,39413.0,False,False
3068,800.0322580645161,242.83870967741936,26.195000000000004,5.775163190277621,10.629032258064516,35946.0,False,False
3069,800.4444444444445,586.9097222222222,60.84,8.801357503344999,16.34722222222222,48798.0,False,False
3070,800.2553191489362,651.2765957446809,39.715,7.1110272478142695,38.319148936170215,59917.0,True,False
3071,802.7063492063492,693.2063492063492,53.23500000000001,8.232916079007266,12.126984126984127,48609.0,False,False
3072,803.3026315789474,893.9605263157895,64.22000000000001,9.042535239792663,10.868421052631579,46817.0,False,False
3073,801.2142857142857,1011.5408163265306,41.405,7.260749503306075,12.653061224489797,38670.0,False,False
3074,801.8412698412699,1156.7063492063492,53.23500000000001,8.232916079007266,16.325396825396826,57260.0,False,False
3075,802.8446601941747,172.46601941747574,43.517500000000005,7.443668577254932,10.427184466019417,39657.0,False,False
3076,803.8540145985402,285.2335766423358,57.88250000000001,8.584770698634475,13.905109489051094,50827.0,False,False
3077,801.4329896907217,423.4226804123711,40.9825,7.22360987610134,20.123711340206185,52729.0,False,False
3078,804.0619469026549,796.8185840707964,95.48500000000001,11.026117989983467,11.41150442477876,40762.0,False,False
3079,806.9588235294118,904.0588235294117,71.825,9.562971834142516,11.441176470588236,45553.0,False,False
3080,801.2682926829268,1227.560975609756,34.645,6.641640160935379,40.25609756097561,102919.0,False,False
3081,803.9852941176471,2.5441176470588234,28.730000000000004,6.048154439185661,8.235294117647058,14124.0,False,False
3082,801.2542372881356,720.4745762711865,24.927500000000002,5.633709146857493,17.627118644067796,45227.0,False,False
3083,802.8163265306123,58.326530612244895,20.7025,5.134125210284583,7.469387755102041,21125.0,False,False
3084,808.0773480662983,148.75690607734808,76.47250000000001,9.867512912824576,29.265193370165747,41752.0,False,False
3085,805.0422535211268,486.6267605633803,59.995000000000005,8.740023254338977,12.049295774647888,38255.0,False,False
3086,806.3793103448276,549.351724137931,61.2625,8.831864899857669,14.489655172413793,41953.0,False,False
3087,804.1592920353983,564.7522123893805,47.74250000000001,7.796642800880295,13.557522123893806,45854.0,False,False
3088,802.5932203389831,740.3898305084746,24.927500000000002,5.633709146857493,22.559322033898304,48389.0,False,True
3089,802.9814814814815,927.425925925926,22.815,5.389708731752834,11.296296296296296,44990.0,False,False
3090,804.5284552845528,938.8617886178862,51.96750000000001,8.134314724734013,11.910569105691057,45804.0,False,False
3091,804.0989010989011,1045.0549450549452,38.447500000000005,6.996633290104976,13.494505494505495,43835.0,False,False
3092,804.3380281690141,16.760563380281692,29.997500000000002,6.180129710871209,7.450704225352113,19595.0,False,False
3093,805.9153846153846,194.15384615384616,54.925000000000004,8.362576277354894,9.476923076923077,37369.0,False,False
3094,808.1924882629108,407.52582159624416,89.9925,10.704298656594888,26.652582159624412,55217.0,False,True
3095,804.6478873239437,573.6056338028169,29.997500000000002,6.180129710871209,17.87323943661972,47849.0,False,False
3096,807.6942675159236,830.7834394904459,66.33250000000001,9.190057785517194,12.707006369426752,44205.0,False,False
3097,807.7048192771084,863.066265060241,70.135,9.449796583524995,15.710843373493976,46582.0,False,False
3098,803.6458333333334,1037.0,20.28,5.081466123790367,13.25,40576.0,False,False
3099,804.2638888888889,1075.4305555555557,30.42,6.223499574262349,14.694444444444445,52236.0,False,False
3100,808.1225806451613,810.916129032258,65.48750000000001,9.131334770220834,13.883870967741936,42021.0,False,False
3101,807.8739495798319,991.7983193277311,50.2775,8.000956268498294,13.899159663865547,39611.0,False,False
3102,810.015873015873,297.031746031746,79.8525,10.0832217443615,30.894179894179896,53703.0,True,False
3103,808.2127659574468,318.93617021276594,59.572500000000005,8.709194152086374,13.170212765957446,49071.0,False,False
3104,807.5564516129032,352.9032258064516,52.39000000000001,8.167314108608483,13.524193548387096,43206.0,False,False
3105,809.9382716049382,538.2777777777778,68.44500000000001,9.335249361393526,13.685185185185185,40363.0,False,False
3106,807.1685393258427,1130.573033707865,37.602500000000006,6.919320051920128,13.696629213483146,51493.0,False,False
3107,807.7008547008547,1247.4444444444443,49.432500000000005,7.933436443000028,21.28205128205128,74112.0,False,False
3108,808.7169811320755,164.76415094339623,44.785000000000004,7.5512934660867375,12.443396226415095,41469.0,False,False
3109,814.2329317269076,521.5180722891566,105.20250000000001,11.573589901365995,11.887550200803213,40479.0,False,False
3110,807.2333333333333,678.7666666666667,25.35,5.681251839078812,17.116666666666667,59016.0,False,False
3111,807.6764705882352,976.1470588235294,43.095000000000006,7.407446130776911,11.96078431372549,41734.0,False,False
3112,809.8225806451613,331.758064516129,52.39000000000001,8.167314108608483,13.830645161290322,42144.0,False,False
3113,810.75,723.0714285714286,70.98,9.506552628860888,11.577380952380953,44823.0,False,False
3114,808.0,1142.0,30.842500000000005,6.266569289371519,15.493150684931507,55129.0,False,False
3115,812.0727272727273,471.43030303030304,69.7125,9.421290344870497,10.484848484848484,37485.0,False,False
3116,810.0365853658536,657.890243902439,34.645,6.641640160935379,40.1219512195122,62399.0,True,False
3117,810.0891089108911,1005.2574257425742,42.67250000000001,7.371045683803026,11.693069306930694,37547.0,False,False
3118,812.8655462184873,560.4957983193277,50.2775,8.000956268498294,10.512605042016807,45488.0,False,False
3119,811.9454545454546,59.845454545454544,46.475,7.692451354514157,6.5181818181818185,20475.0,False,False
3120,811.0217391304348,599.8695652173913,38.870000000000005,7.034971293747812,10.597826086956522,47102.0,False,False
3121,813.0490196078431,274.3921568627451,43.095000000000006,7.407446130776911,14.862745098039216,51108.0,False,False
3122,812.6309523809524,783.4642857142857,35.49,6.722147829574334,10.726190476190476,45807.0,False,False
3123,813.9181286549708,958.8771929824561,72.2475,9.591056980763573,14.426900584795321,42478.0,False,False
3124,813.125,89.83333333333333,30.42,6.223499574262349,6.916666666666667,22611.0,False,False
3125,812.375,1224.8958333333333,20.28,5.081466123790367,26.208333333333332,101431.0,False,False
3126,816.5586206896552,215.50344827586207,61.2625,8.831864899857669,9.193103448275862,33702.0,False,False
3127,815.2258064516129,592.6290322580645,26.195000000000004,5.775163190277621,19.70967741935484,46856.0,False,False
3128,816.4402985074627,127.13432835820896,56.61500000000001,8.490256581822557,10.335820895522389,36037.0,False,False
3129,819.7456140350877,731.171052631579,96.33000000000001,11.074798659313778,13.368421052631579,48130.0,False,False
3130,815.1830985915493,939.1971830985915,29.997500000000002,6.180129710871209,16.112676056338028,44476.0,False,False
3131,815.2837837837837,1013.5135135135135,31.265000000000004,6.309345002941657,12.554054054054054,36514.0,False,False
3132,816.2352941176471,1156.5441176470588,28.730000000000004,6.048154439185661,18.279411764705884,64768.0,True,False
3133,816.0350877192982,4.56140350877193,24.082500000000003,5.537399329656889,13.333333333333334,14539.0,False,True
3134,823.146875,506.1625,135.20000000000002,13.120289114504834,12.228125,41775.0,False,False
3135,819.8578431372549,747.8284313725491,86.19000000000001,10.475710780692815,14.485294117647058,57481.0,False,False
3136,814.25,946.75,15.21,4.4006787516724994,13.805555555555555,44652.0,False,False
3137,817.2752293577981,1038.6788990825687,46.0525,7.6574058357851245,11.81651376146789,41909.0,False,False
3138,815.1346153846154,1082.326923076923,21.970000000000002,5.288957628666685,13.5,50981.0,False,False
3139,816.6478873239437,1213.1830985915492,29.997500000000002,6.180129710871209,34.40845070422535,87946.0,True,False
3140,819.7324840764331,101.96815286624204,66.33250000000001,9.190057785517194,7.407643312101911,23437.0,False,False
3141,818.6517857142857,183.52678571428572,47.32000000000001,7.762067717874401,10.098214285714286,33236.0,False,False
3142,817.41,621.71,42.25000000000001,7.3344645861208315,11.95,47181.0,False,False
3143,818.9560439560439,681.2087912087912,38.447500000000005,6.996633290104976,16.45054945054945,63322.0,False,False
3144,820.6548672566372,821.8318584070796,47.74250000000001,7.796642800880295,15.353982300884956,47270.0,False,False
3145,818.797619047619,1111.4285714285713,35.49,6.722147829574334,12.0,50790.0,False,True
3146,818.5794392523364,1202.7102803738317,45.2075,7.586829161027343,50.429906542056074,79161.0,True,False
3147,818.5076923076923,204.12307692307692,27.462500000000002,5.913234393907399,7.923076923076923,32655.0,False,False
3148,820.060975609756,339.6829268292683,34.645,6.641640160935379,12.439024390243903,44340.0,False,False
3149,821.0079365079365,554.952380952381,53.23500000000001,8.232916079007266,14.833333333333334,43379.0,False,False
3150,821.876923076923,633.9692307692308,54.925000000000004,8.362576277354894,13.484615384615385,52500.0,False,False
3151,819.421052631579,663.3859649122807,24.082500000000003,5.537399329656889,17.842105263157894,70540.0,False,False
3152,820.0,452.07042253521126,29.997500000000002,6.180129710871209,10.112676056338028,38562.0,False,False
3153,820.1369863013699,1188.109589041096,30.842500000000005,6.266569289371519,20.136986301369863,83154.0,False,False
3154,823.192,162.712,52.81250000000001,8.200180696565521,11.792,38171.0,False,False
3155,826.9525423728813,534.0542372881356,124.63750000000002,12.597356617835697,14.213559322033898,41824.0,False,False
3156,823.063829787234,586.0531914893617,39.715,7.1110272478142695,20.78723404255319,45114.0,False,True
3157,822.3456790123457,805.925925925926,34.222500000000004,6.601018127508749,16.59259259259259,45153.0,False,False
3158,822.44,914.76,31.687500000000004,6.351832654737959,14.053333333333333,40808.0,False,False
3159,823.844262295082,994.5,51.545,8.101180922147954,9.901639344262295,35384.0,False,False
3160,822.0428571428571,1228.0857142857142,29.575000000000003,6.136453335237093,21.542857142857144,92930.0,False,False
3161,825.4893617021277,355.98581560283685,59.572500000000005,8.709194152086374,16.00709219858156,48150.0,False,False
3162,823.7403846153846,395.22115384615387,43.940000000000005,7.479715609277069,16.53846153846154,63162.0,False,True
3163,824.7155172413793,569.3448275862069,49.010000000000005,7.8994601136704485,16.03448275862069,46531.0,False,True
3164,827.2787878787879,644.8303030303031,69.7125,9.421290344870497,15.848484848484848,60588.0,False,False
3165,825.4144736842105,695.203947368421,64.22000000000001,9.042535239792663,16.17763157894737,50758.0,False,False
3166,823.6777777777778,711.0,38.025000000000006,6.958084052995808,11.466666666666667,42058.0,False,False
3167,824.304347826087,761.2869565217392,48.587500000000006,7.8653370162898755,16.234782608695653,63138.0,False,False
3168,824.6923076923077,1150.6923076923076,38.447500000000005,6.996633290104976,14.505494505494505,67351.0,True,False
3169,826.7980295566502,490.320197044335,85.76750000000001,10.450003476223014,14.019704433497537,41422.0,False,False
3170,826.7258064516129,789.0241935483871,52.39000000000001,8.167314108608483,23.0,50407.0,False,False
3171,824.2549019607843,1217.921568627451,21.547500000000003,5.237855390346407,9.92156862745098,92421.0,False,True
3172,824.5714285714286,377.3265306122449,20.7025,5.134125210284583,24.551020408163264,56396.0,False,False
3173,828.7615384615384,468.16923076923075,109.85000000000001,11.826468787814798,10.888461538461538,38618.0,False,False
3174,826.0493827160494,189.92592592592592,34.222500000000004,6.601018127508749,10.37037037037037,30696.0,False,False
3175,825.59375,304.375,27.040000000000003,5.867571668896666,28.890625,55275.0,True,True
3176,827.8962264150944,606.377358490566,44.785000000000004,7.5512934660867375,12.754716981132075,44754.0,False,False
3177,826.09375,144.421875,27.040000000000003,5.867571668896666,9.34375,37421.0,False,False
3178,830.1091954022988,944.2873563218391,73.515,9.6748232609803,11.96551724137931,42998.0,False,False
3179,827.1904761904761,25.095238095238095,17.745,4.753276314430444,5.904761904761905,20774.0,False,False
3180,830.3129770992366,231.45038167938932,55.347500000000004,8.394678415652944,9.748091603053435,32151.0,False,False
3181,830.2755102040817,326.7755102040816,41.405,7.260749503306075,10.785714285714286,45659.0,False,False
3182,828.620253164557,1010.4303797468355,33.377500000000005,6.519014718835807,8.569620253164556,33615.0,False,False
3183,827.1525423728814,1110.6949152542372,24.927500000000002,5.633709146857493,14.40677966101695,63799.0,False,False
3184,828.1617647058823,1247.3676470588234,28.730000000000004,6.048154439185661,55.19117647058823,65198.0,True,False
3185,830.433628318584,55.83185840707964,47.74250000000001,7.796642800880295,5.486725663716814,19201.0,False,False
3186,829.046511627907,271.8255813953488,36.335,6.801702644040839,12.988372093023257,48357.0,False,False
3187,830.8943089430894,549.9349593495934,51.96750000000001,8.134314724734013,14.0,41671.0,False,False
3188,831.140127388535,852.5859872611464,66.33250000000001,9.190057785517194,16.687898089171973,62291.0,True,False
3189,830.45,873.85,59.150000000000006,8.67825553156191,14.45,49981.0,False,False
3190,828.5205479452055,1020.8493150684932,30.842500000000005,6.266569289371519,9.520547945205479,34189.0,False,False
3191,829.2790697674419,1176.7674418604652,18.1675,4.809530063215748,10.44186046511628,86884.0,True,False
3192,829.1142857142858,1225.5285714285715,29.575000000000003,6.136453335237093,21.142857142857142,88709.0,False,False
3193,832.1461538461539,73.54615384615384,54.925000000000004,8.362576277354894,6.423076923076923,19311.0,False,False
3194,836.2657004830918,113.00966183574879,87.45750000000001,10.552456940621719,6.217391304347826,23124.0,False,False
3195,831.4047619047619,930.1666666666666,53.23500000000001,8.232916079007266,15.428571428571429,42111.0,False,False
3196,829.8266666666667,1192.7733333333333,31.687500000000004,6.351832654737959,30.16,82852.0,True,False
3197,831.7373737373738,1210.5353535353536,41.82750000000001,7.297700121093632,3.515151515151515,81070.0,False,False
3198,832.5378151260504,210.50420168067228,50.2775,8.000956268498294,10.302521008403362,29213.0,False,False
3199,832.2741935483871,261.23387096774195,52.39000000000001,8.167314108608483,13.943548387096774,40665.0,False,False
3200,837.10101010101,478.92929292929296,83.65500000000002,10.320506485382394,12.777777777777779,44174.0,False,False
3201,832.5528455284552,724.8617886178862,51.96750000000001,8.134314724734013,11.398373983739837,46283.0,False,False
3202,831.4516129032259,1156.8064516129032,26.195000000000004,5.775163190277621,21.14516129032258,73996.0,True,False
3203,832.9823008849557,85.69911504424779,47.74250000000001,7.796642800880295,5.946902654867257,20117.0,False,False
3204,835.8916666666667,99.82083333333334,101.4,11.362503678157625,5.891666666666667,21432.0,False,False
3205,833.1965811965812,314.4273504273504,49.432500000000005,7.933436443000028,14.905982905982906,50385.0,False,True
3206,832.8823529411765,367.3529411764706,43.095000000000006,7.407446130776911,14.431372549019608,52463.0,False,False
3207,833.2564102564103,396.5811965811966,49.432500000000005,7.933436443000028,16.376068376068375,63473.0,False,True
3208,834.025,909.50625,67.60000000000001,9.277445403994411,11.66875,42100.0,False,False
3209,832.3552631578947,143.28947368421052,32.11000000000001,6.394037987175715,7.828947368421052,34465.0,False,False
3210,832.6818181818181,195.86363636363637,18.590000000000003,4.865133414062422,12.409090909090908,28552.0,False,False
3211,833.9747899159664,298.6218487394958,50.2775,8.000956268498294,19.789915966386555,53978.0,False,False
3212,832.047619047619,384.0952380952381,17.745,4.753276314430444,24.761904761904763,62635.0,False,False
3213,835.364238410596,430.1523178807947,63.79750000000001,9.01274097349089,15.099337748344372,50774.0,False,False
3214,835.609756097561,517.8719512195122,69.29,9.392697591996637,16.29268292682927,44639.0,False,False
3215,834.4677419354839,610.4032258064516,26.195000000000004,5.775163190277621,8.193548387096774,46130.0,False,False
3216,833.9108910891089,711.1485148514852,42.67250000000001,7.371045683803026,12.099009900990099,39676.0,False,False
3217,833.7282608695652,746.0326086956521,38.870000000000005,7.034971293747812,21.5,62825.0,False,False
3218,837.1411764705882,968.5764705882353,35.9125,6.762042232218129,12.647058823529411,38244.0,False,False
3219,838.4198473282443,755.8625954198474,55.347500000000004,8.394678415652944,34.66412213740458,64977.0,True,False
3220,834.1184210526316,1102.2105263157894,32.11000000000001,6.394037987175715,16.289473684210527,77228.0,False,False
3221,835.1020408163265,284.48979591836735,41.405,7.260749503306075,19.806122448979593,53034.0,False,False
3222,835.6067415730337,807.0449438202247,37.602500000000006,6.919320051920128,16.707865168539325,48891.0,False,False
3223,836.8846153846154,1015.3173076923077,43.940000000000005,7.479715609277069,9.048076923076923,31813.0,False,False
3224,835.9705882352941,1088.3088235294117,28.730000000000004,6.048154439185661,13.970588235294118,77661.0,False,False
3225,836.2073170731708,1252.5487804878048,34.645,6.641640160935379,31.121951219512194,56147.0,False,False
3226,835.5777777777778,247.9777777777778,19.012500000000003,4.920108417939312,11.355555555555556,34434.0,False,False
3227,838.1592920353983,375.7345132743363,47.74250000000001,7.796642800880295,18.95575221238938,57810.0,False,False
3228,837.875,442.34615384615387,43.940000000000005,7.479715609277069,11.057692307692308,45303.0,False,False
3229,840.8413461538462,869.7740384615385,87.88000000000001,10.57791525733337,17.0,58764.0,False,False
3230,836.578947368421,959.6491228070175,24.082500000000003,5.537399329656889,15.43859649122807,40657.0,False,False
3231,837.7213114754098,1188.311475409836,51.545,8.101180922147954,21.92622950819672,80657.0,False,False
3232,836.974358974359,1234.8846153846155,32.955000000000005,6.477623730716943,26.833333333333332,71524.0,False,False
3233,838.7575757575758,138.44444444444446,41.82750000000001,7.297700121093632,6.858585858585859,28417.0,False,False
3234,839.3026315789474,492.9407894736842,64.22000000000001,9.042535239792663,16.25657894736842,46633.0,False,False
3235,835.5238095238095,1166.0,17.745,4.753276314430444,59.26190476190476,78312.0,True,False
3236,840.5409836065573,349.672131147541,51.545,8.101180922147954,15.163934426229508,45662.0,False,False
3237,837.2545454545455,418.96363636363634,23.2375,5.439384516724603,17.963636363636365,56151.0,False,False
3238,839.1374045801526,578.9160305343512,55.347500000000004,8.394678415652944,15.061068702290076,46265.0,False,True
3239,838.9818181818182,616.6363636363636,46.475,7.692451354514157,14.036363636363637,47167.0,False,False
3240,838.1818181818181,681.9181818181818,46.475,7.692451354514157,27.12727272727273,65617.0,True,False
3241,836.82,1118.72,21.125000000000004,5.186249645218625,30.94,76740.0,True,False
3242,839.472972972973,1223.8108108108108,31.265000000000004,6.309345002941657,19.41891891891892,77047.0,False,False
3243,840.2571428571429,126.53333333333333,44.362500000000004,7.51558975086544,7.20952380952381,24956.0,False,False
3244,840.0776699029126,162.48543689320388,43.517500000000005,7.443668577254932,8.368932038834952,28879.0,False,False
3245,839.1607142857143,307.57142857142856,23.660000000000004,5.488610719338178,16.375,50416.0,False,True
3246,840.247311827957,772.483870967742,39.292500000000004,7.073101498742004,31.623655913978496,65225.0,False,False
3247,840.7890625,58.75,54.080000000000005,8.297999432349801,5.7578125,18696.0,False,False
3248,840.2881355932203,739.9830508474577,24.927500000000002,5.633709146857493,16.11864406779661,58593.0,False,False
3249,842.1068702290077,788.1679389312977,55.347500000000004,8.394678415652944,14.221374045801527,54616.0,False,False
3250,841.7938144329897,830.4536082474227,40.9825,7.22360987610134,20.443298969072163,66717.0,False,False
3251,842.2805755395683,852.3309352517986,58.727500000000006,8.647206217237697,26.87769784172662,68812.0,True,False
3252,841.6923076923077,999.2564102564103,49.432500000000005,7.933436443000028,9.820512820512821,30939.0,False,False
3253,842.8513513513514,82.32432432432432,62.53000000000001,8.922761272851007,5.844594594594595,19723.0,False,False
3254,847.0451388888889,530.3159722222222,121.68,12.446999148524698,12.003472222222221,43354.0,False,False
3255,843.8897058823529,701.4338235294117,57.46000000000001,8.553382035223404,10.875,50264.0,False,False
3256,840.3492063492064,1053.015873015873,26.617500000000003,5.8215507884058,15.301587301587302,45479.0,False,False
3257,846.0059171597633,544.1183431952662,71.4025,9.534803961957083,15.650887573964496,40522.0,False,False
3258,843.1730769230769,1165.4807692307693,43.940000000000005,7.479715609277069,47.96153846153846,79315.0,True,True
3259,842.4107142857143,1210.0714285714287,23.660000000000004,5.488610719338178,9.714285714285714,68981.0,False,False
3260,846.042654028436,664.4976303317535,89.14750000000001,10.653925206902757,36.62085308056872,65216.0,False,False
3261,844.4655172413793,892.8448275862069,49.010000000000005,7.8994601136704485,10.612068965517242,44154.0,False,False
3262,844.0348837209302,1154.9186046511627,36.335,6.801702644040839,40.383720930232556,75587.0,True,False
3263,844.425,147.1625,33.800000000000004,6.560144557252417,6.9625,26151.0,False,False
3264,846.0993788819876,452.7142857142857,68.02250000000001,9.306392261867519,12.875776397515528,43339.0,False,False
3265,846.801724137931,243.32758620689654,49.010000000000005,7.8994601136704485,9.258620689655173,31207.0,False,False
3266,845.8192771084338,642.0240963855422,35.0675,6.682015245043993,11.349397590361447,51820.0,False,False
3267,846.7692307692307,724.9807692307693,43.940000000000005,7.479715609277069,11.26923076923077,48006.0,False,False
3268,845.1012658227849,937.0759493670886,33.377500000000005,6.519014718835807,12.759493670886076,42556.0,False,False
3269,850.9866666666667,470.6222222222222,95.06250000000001,11.001696879181248,17.68888888888889,45154.0,False,False
3270,849.3833333333333,1027.2944444444445,76.05000000000001,9.840216835878625,9.78888888888889,32683.0,False,False
3271,846.6666666666666,188.86666666666667,19.012500000000003,4.920108417939312,7.511111111111111,26070.0,False,False
3272,847.8316831683169,575.0792079207921,42.67250000000001,7.371045683803026,10.831683168316832,45705.0,False,False
3273,849.6083333333333,781.4416666666667,50.7,8.034503402082343,19.883333333333333,57896.0,False,False
3274,847.6567164179105,1038.6567164179105,28.307500000000005,6.003518003020447,7.611940298507463,35852.0,False,False
3275,846.4102564102565,1082.0,16.477500000000003,4.5803716659648535,19.615384615384617,82923.0,False,False
3276,846.671875,1179.234375,27.040000000000003,5.867571668896666,24.53125,81242.0,False,False
3277,849.0512820512821,264.13675213675214,49.432500000000005,7.933436443000028,13.264957264957266,35161.0,False,False
3278,851.3235294117648,504.2294117647059,71.825,9.562971834142516,25.758823529411764,47734.0,True,False
3279,849.2921348314607,585.3595505617977,37.602500000000006,6.919320051920128,10.370786516853933,48969.0,False,False
3280,851.1220657276996,739.5070422535211,89.9925,10.704298656594888,27.488262910798124,57355.0,False,False
3281,850.3308270676691,807.5037593984962,56.1925,8.458517193783473,13.481203007518797,51669.0,False,False
3282,849.2210526315789,840.4736842105264,40.1375,7.148751795020415,49.50526315789474,68103.0,True,False
3283,848.469387755102,210.75510204081633,20.7025,5.134125210284583,7.918367346938775,26214.0,False,False
3284,849.3645833333334,291.9479166666667,40.56,7.186278309003779,12.416666666666666,43133.0,False,False
3285,850.2213740458016,326.42748091603056,55.347500000000004,8.394678415652944,12.816793893129772,38153.0,False,False
3286,852.109375,899.7109375,54.080000000000005,8.297999432349801,15.5546875,43330.0,False,False
3287,853.688524590164,104.86338797814207,77.31750000000001,9.92187978661609,7.775956284153006,21149.0,False,False
3288,852.4318181818181,276.6136363636364,55.77,8.426658258757147,10.416666666666666,37167.0,False,False
3289,852.0671641791045,397.0820895522388,56.61500000000001,8.490256581822557,26.649253731343283,56401.0,False,False
3290,850.6973684210526,433.0263157894737,32.11000000000001,6.394037987175715,16.61842105263158,48138.0,False,False
3291,852.6621621621622,561.9797297297297,62.53000000000001,8.922761272851007,11.493243243243244,39967.0,False,False
3292,851.452380952381,994.6428571428571,35.49,6.722147829574334,8.55952380952381,30139.0,False,False
3293,852.061403508772,200.82456140350877,48.165000000000006,7.831065232276457,6.37719298245614,25778.0,False,False
3294,850.8356164383562,625.6575342465753,30.842500000000005,6.266569289371519,11.945205479452055,50875.0,False,False
3295,853.1214285714286,1047.75,59.150000000000006,8.67825553156191,12.971428571428572,39215.0,False,False
3296,851.2781954887218,1132.593984962406,56.1925,8.458517193783473,16.67669172932331,79865.0,True,False
3297,854.25,75.04807692307692,43.940000000000005,7.479715609277069,6.1826923076923075,19455.0,False,False
3298,853.289156626506,143.74698795180723,35.0675,6.682015245043993,6.771084337349397,22044.0,False,False
3299,852.8817204301075,174.2688172043011,39.292500000000004,7.073101498742004,7.903225806451613,24162.0,False,False
3300,851.439024390244,420.5609756097561,17.3225,4.696348795998318,27.536585365853657,52398.0,False,False
3301,853.0467289719626,851.196261682243,45.2075,7.586829161027343,46.78504672897196,67466.0,True,False
3302,852.8857142857142,880.5714285714286,44.362500000000004,7.51558975086544,19.533333333333335,51431.0,False,False
3303,853.8461538461538,360.6263736263736,38.447500000000005,6.996633290104976,12.901098901098901,46372.0,False,False
3304,852.9625,376.375,33.800000000000004,6.560144557252417,21.4375,52299.0,False,False
3305,854.8904109589041,599.068493150685,61.68500000000001,8.86226727857993,17.089041095890412,53389.0,False,False
3306,853.5725806451613,688.6935483870968,52.39000000000001,8.167314108608483,17.661290322580644,57882.0,False,False
3307,853.1714285714286,1183.4571428571428,29.575000000000003,6.136453335237093,16.742857142857144,76952.0,False,False
3308,854.493670886076,310.26582278481015,33.377500000000005,6.519014718835807,11.151898734177216,38053.0,False,False
3309,856.0188679245283,703.6477987421383,67.17750000000001,9.24840794496255,10.641509433962264,44992.0,False,False
3310,858.9891304347826,673.6684782608696,77.74000000000001,9.948951814523555,44.40760869565217,57309.0,True,True
3311,855.528735632184,771.6206896551724,36.7575,6.8411331346205175,22.873563218390803,62896.0,False,True
3312,856.1021897810219,827.1240875912408,57.88250000000001,8.584770698634475,27.05839416058394,63696.0,False,False
3313,857.0689655172414,618.816091954023,36.7575,6.8411331346205175,16.885057471264368,54576.0,False,False
3314,857.7478991596639,648.4705882352941,50.2775,8.000956268498294,14.798319327731093,55504.0,False,False
3315,855.936170212766,959.0851063829788,39.715,7.1110272478142695,13.680851063829786,37738.0,False,False
3316,856.4054054054054,1060.2432432432433,46.89750000000001,7.727337934192946,11.414414414414415,45963.0,False,False
3317,859.7537313432836,21.097014925373134,56.61500000000001,8.490256581822557,4.813432835820896,15539.0,False,False
3318,856.1794871794872,54.07692307692308,32.955000000000005,6.477623730716943,6.012820512820513,17804.0,False,False
3319,857.8761904761905,190.4,44.362500000000004,7.51558975086544,7.771428571428571,24662.0,False,False
3320,857.1884057971015,345.536231884058,29.152500000000003,6.092463855279885,9.826086956521738,39255.0,False,False
3321,859.5104166666666,656.9479166666666,40.56,7.186278309003779,16.052083333333332,58037.0,False,False
3322,860.0909090909091,875.6181818181818,46.475,7.692451354514157,16.036363636363635,56439.0,False,False
3323,857.6625,918.325,33.800000000000004,6.560144557252417,11.625,40402.0,False,False
3324,856.820895522388,1249.910447761194,28.307500000000005,6.003518003020447,15.925373134328359,46930.0,False,False
3325,863.0168067226891,944.5336134453781,100.555,11.315060866864318,12.352941176470589,37636.0,False,False
3326,861.3105590062112,415.2546583850932,68.02250000000001,9.306392261867519,15.714285714285714,49270.0,False,False
3327,865.8259385665528,542.6040955631399,123.79250000000002,12.554581089850336,11.467576791808874,36181.0,False,False
3328,862.6972972972973,843.918918918919,78.16250000000001,9.9759503765487,41.81621621621622,64519.0,True,False
3329,862.2631578947369,1225.3684210526317,64.22000000000001,9.042535239792663,13.30921052631579,54081.0,False,False
3330,860.3055555555555,147.41666666666666,30.42,6.223499574262349,6.736111111111111,20988.0,False,False
3331,860.3918918918919,207.71621621621622,31.265000000000004,6.309345002941657,6.472972972972973,24903.0,False,False
3332,864.2256637168142,509.070796460177,95.48500000000001,11.026117989983467,16.97345132743363,44903.0,False,False
3333,863.0654761904761,717.3333333333334,70.98,9.506552628860888,11.31547619047619,38673.0,False,False
3334,861.3050847457627,798.1355932203389,49.855000000000004,7.967267881951225,12.245762711864407,45563.0,False,False
3335,860.45,1004.475,33.800000000000004,6.560144557252417,9.45,29374.0,False,False
3336,862.5241935483871,1103.9596774193549,52.39000000000001,8.167314108608483,81.36290322580645,91726.0,True,False
3337,863.7177033492823,231.89473684210526,88.30250000000001,10.603312449370561,7.37799043062201,25155.0,False,False
3338,860.9264705882352,282.3529411764706,28.730000000000004,6.048154439185661,10.955882352941176,32979.0,False,False
3339,861.3880597014926,749.3880597014926,28.307500000000005,6.003518003020447,13.671641791044776,59103.0,False,False
3340,859.9591836734694,1152.1224489795918,20.7025,5.134125210284583,20.918367346938776,72531.0,False,False
3341,863.3560606060606,264.6060606060606,55.77,8.426658258757147,7.909090909090909,30004.0,False,False
3342,863.5339805825242,315.621359223301,43.517500000000005,7.443668577254932,10.174757281553399,34110.0,False,False
3343,862.4428571428572,350.7142857142857,29.575000000000003,6.136453335237093,11.4,39718.0,False,False
3344,865.4545454545455,492.7905138339921,106.89250000000001,11.666180096141298,18.035573122529645,47700.0,False,False
3345,862.6666666666666,630.1222222222223,38.025000000000006,6.958084052995808,15.266666666666667,51706.0,False,False
3346,863.669014084507,863.2112676056338,59.995000000000005,8.740023254338977,15.408450704225352,64518.0,False,False
3347,863.0526315789474,975.5263157894736,48.165000000000006,7.831065232276457,9.280701754385966,32415.0,False,False
3348,864.75,34.375,43.940000000000005,7.479715609277069,4.913461538461538,17059.0,False,False
3349,866.32,88.844,105.62500000000001,11.596806754993013,7.172,21080.0,False,False
3350,862.6530612244898,164.6122448979592,20.7025,5.134125210284583,8.0,22362.0,False,False
3351,863.8357142857143,176.11428571428573,59.150000000000006,8.67825553156191,7.457142857142857,23707.0,False,False
3352,864.0697674418604,324.33720930232556,36.335,6.801702644040839,10.988372093023257,34094.0,False,False
3353,863.7798165137615,685.4036697247707,46.0525,7.6574058357851245,19.36697247706422,54151.0,False,False
3354,862.9206349206349,1203.2222222222222,26.617500000000003,5.8215507884058,15.936507936507937,52963.0,False,False
3355,866.6060606060606,770.75,55.77,8.426658258757147,11.878787878787879,57286.0,False,False
3356,866.1574803149606,1163.3070866141732,53.657500000000006,8.265521814841879,28.37007874015748,72710.0,False,False
3357,865.8076923076923,244.96153846153845,43.940000000000005,7.479715609277069,8.211538461538462,25858.0,False,False
3358,865.7684210526315,302.3263157894737,40.1375,7.148751795020415,8.189473684210526,31406.0,False,False
3359,863.1944444444445,402.6111111111111,15.21,4.4006787516724994,13.61111111111111,50551.0,False,False
3360,866.2264150943396,915.6132075471698,44.785000000000004,7.5512934660867375,11.528301886792454,39912.0,False,False
3361,863.8974358974359,996.3846153846154,16.477500000000003,4.5803716659648535,6.435897435897436,29749.0,False,False
3362,866.0430107526881,1253.3118279569892,39.292500000000004,7.073101498742004,14.881720430107526,35311.0,False,False
3363,867.3649635036496,428.24817518248176,57.88250000000001,8.584770698634475,11.686131386861314,43040.0,False,False
3364,868.1875,526.8214285714286,47.32000000000001,7.762067717874401,11.830357142857142,39512.0,False,False
3365,866.5483870967741,756.2741935483871,26.195000000000004,5.775163190277621,11.209677419354838,58541.0,False,False
3366,866.7899159663865,827.2268907563025,50.2775,8.000956268498294,14.781512605042018,59338.0,False,False
3367,870.1875,143.83522727272728,74.36000000000001,9.730266828124844,5.3352272727272725,20079.0,False,False
3368,867.8380952380952,611.552380952381,44.362500000000004,7.51558975086544,36.08571428571429,54871.0,False,False
3369,867.4333333333333,743.85,25.35,5.681251839078812,17.366666666666667,52011.0,False,False
3370,867.6764705882352,1209.1078431372548,43.095000000000006,7.407446130776911,17.901960784313726,51107.0,False,False
3371,874.5,1.788888888888889,38.025000000000006,6.958084052995808,4.3,8979.0,False,False
3372,867.36,209.76,10.562500000000002,3.6672322930604158,8.4,25751.0,False,False
3373,869.2166666666667,335.03333333333336,25.35,5.681251839078812,13.583333333333334,32846.0,False,False
3374,872.52,567.8333333333334,63.37500000000001,8.982847886254723,11.72,36349.0,False,False
3375,870.09,581.13,42.25000000000001,7.3344645861208315,13.13,42566.0,False,False
3376,867.632911392405,700.620253164557,33.377500000000005,6.519014718835807,9.721518987341772,41454.0,False,False
3377,872.8711656441718,786.1533742331288,68.8675,9.364017532397558,13.760736196319018,44629.0,False,False
3378,870.4645669291339,932.0944881889764,53.657500000000006,8.265521814841879,10.708661417322835,36869.0,False,False
3379,870.2105263157895,799.4078947368421,32.11000000000001,6.394037987175715,12.355263157894736,44041.0,False,False
3380,873.5507246376811,890.3478260869565,58.30500000000001,8.616045012404687,14.289855072463768,46232.0,False,False
3381,871.0098039215686,962.3921568627451,43.095000000000006,7.407446130776911,11.735294117647058,33429.0,False,False
3382,871.645390070922,52.836879432624116,59.572500000000005,8.709194152086374,5.226950354609929,17857.0,False,False
3383,871.304347826087,202.34782608695653,29.152500000000003,6.092463855279885,8.304347826086957,27349.0,False,False
3384,875.025,751.08125,67.60000000000001,9.277445403994411,11.25625,48478.0,False,False
3385,874.3453237410072,94.55395683453237,58.727500000000006,8.647206217237697,9.107913669064748,20885.0,False,False
3386,873.1891891891892,453.81081081081084,46.89750000000001,7.727337934192946,12.108108108108109,39445.0,False,False
3387,871.290909090909,732.8363636363637,23.2375,5.439384516724603,15.909090909090908,45097.0,False,False
3388,873.5064935064935,972.1948051948052,32.532500000000006,6.4359665543799,10.428571428571429,31528.0,False,False
3389,872.9587628865979,1017.5773195876288,40.9825,7.22360987610134,9.051546391752577,31062.0,False,False
3390,873.1739130434783,1096.1521739130435,38.870000000000005,7.034971293747812,50.52173913043478,88897.0,True,False
3391,875.1889763779527,309.11811023622045,53.657500000000006,8.265521814841879,9.133858267716535,28977.0,False,False
3392,875.23,617.31,42.25000000000001,7.3344645861208315,36.27,53513.0,False,True
3393,877.265625,62.59375,54.080000000000005,8.297999432349801,5.96875,18158.0,False,False
3394,872.4893617021277,279.1063829787234,19.8575,5.028255588131782,8.72340425531915,27680.0,False,False
3395,876.891719745223,356.2547770700637,66.33250000000001,9.190057785517194,9.382165605095542,35159.0,False,False
3396,874.3733333333333,696.9866666666667,31.687500000000004,6.351832654737959,7.56,39389.0,False,False
3397,877.3275862068965,156.88793103448276,49.010000000000005,7.8994601136704485,6.818965517241379,21171.0,False,False
3398,874.4117647058823,345.19607843137254,21.547500000000003,5.237855390346407,11.03921568627451,33632.0,False,False
3399,876.3252032520326,371.9756097560976,51.96750000000001,8.134314724734013,13.560975609756097,37449.0,False,False
3400,876.8192771084338,445.12048192771084,35.0675,6.682015245043993,10.566265060240964,37223.0,False,False
3401,876.0593220338983,1034.2881355932204,49.855000000000004,7.967267881951225,10.508474576271187,34047.0,False,False
3402,875.0657894736842,1045.921052631579,32.11000000000001,6.394037987175715,13.052631578947368,36973.0,False,False
3403,874.8085106382979,1238.6382978723404,19.8575,5.028255588131782,16.23404255319149,42657.0,False,False
3404,873.8235294117648,1252.0,14.365000000000002,4.276691017611702,16.41176470588235,31070.0,False,False
3405,877.7232142857143,324.8125,47.32000000000001,7.762067717874401,8.857142857142858,29019.0,False,False
3406,879.1808510638298,522.6542553191489,79.43,10.056511176263564,12.063829787234043,36270.0,False,False
3407,879.2105263157895,988.8508771929825,48.165000000000006,7.831065232276457,9.201754385964913,30511.0,False,False
3408,874.8787878787879,1245.3939393939395,13.9425,4.2133291293785735,14.121212121212121,36291.0,False,False
3409,877.9814814814815,263.52777777777777,45.63,7.622199185685551,8.11111111111111,25107.0,False,False
3410,880.8333333333334,730.6666666666666,55.77,8.426658258757147,11.416666666666666,38310.0,False,False
3411,877.6451612903226,1103.010752688172,39.292500000000004,7.073101498742004,27.161290322580644,87203.0,False,False
3412,880.0806451612904,182.08064516129033,52.39000000000001,8.167314108608483,7.32258064516129,29244.0,False,False
3413,880.5210084033613,489.1344537815126,50.2775,8.000956268498294,11.344537815126051,41230.0,False,False
3414,880.12,812.208,52.81250000000001,8.200180696565521,10.384,40541.0,False,False
3415,879.0972222222222,1011.9305555555555,30.42,6.223499574262349,11.01388888888889,31122.0,False,False
3416,880.63125,136.28125,67.60000000000001,9.277445403994411,6.29375,19121.0,False,False
3417,880.6822429906542,234.09345794392524,45.2075,7.586829161027343,6.682242990654205,23675.0,False,False
3418,880.6691729323309,907.3308270676691,56.1925,8.458517193783473,10.864661654135338,40169.0,False,False
3419,880.4489795918367,170.90816326530611,41.405,7.260749503306075,4.6020408163265305,26306.0,False,False
3420,880.5670103092783,649.9072164948453,40.9825,7.22360987610134,9.948453608247423,41035.0,False,False
3421,879.1636363636363,1003.2363636363636,23.2375,5.439384516724603,10.218181818181819,30145.0,False,False
3422,879.5,1178.7727272727273,18.590000000000003,4.865133414062422,18.545454545454547,54384.0,False,False
3423,883.6304347826087,1194.695652173913,58.30500000000001,8.616045012404687,9.485507246376812,47070.0,False,False
3424,883.5422535211268,432.22535211267603,59.995000000000005,8.740023254338977,8.774647887323944,33362.0,False,False
3425,884.3214285714286,954.2357142857143,59.150000000000006,8.67825553156191,8.707142857142857,32626.0,False,False
3426,882.0687022900763,41.3587786259542,55.347500000000004,8.394678415652944,5.305343511450381,17375.0,False,False
3427,882.4607843137255,203.51960784313727,43.095000000000006,7.407446130776911,6.450980392156863,30576.0,False,False
3428,881.5308641975308,339.17283950617286,34.222500000000004,6.601018127508749,9.592592592592593,30003.0,False,False
3429,885.4133333333333,377.8666666666667,31.687500000000004,6.351832654737959,10.866666666666667,32516.0,False,False
3430,883.9850746268656,472.6044776119403,56.61500000000001,8.490256581822557,12.970149253731343,37345.0,False,False
3431,882.2686567164179,1117.5074626865671,28.307500000000005,6.003518003020447,12.955223880597014,69855.0,False,False
3432,882.86,1127.58,21.125000000000004,5.186249645218625,13.9,54828.0,False,False
3433,881.9848484848485,1244.939393939394,27.885,5.958547197508803,12.742424242424242,34529.0,False,False
3434,883.2352941176471,298.97058823529414,28.730000000000004,6.048154439185661,7.382352941176471,26100.0,False,False
3435,884.1546391752578,460.4845360824742,40.9825,7.22360987610134,9.804123711340207,36468.0,False,False
3436,886.869918699187,642.1463414634146,51.96750000000001,8.134314724734013,10.398373983739837,41097.0,False,False
3437,883.7865168539325,844.0898876404494,37.602500000000006,6.919320051920128,9.404494382022472,52841.0,False,False
3438,884.265306122449,853.2244897959183,41.405,7.260749503306075,11.959183673469388,56317.0,False,False
3439,883.968085106383,1204.840425531915,39.715,7.1110272478142695,10.085106382978724,45152.0,False,False
3440,884.992125984252,76.4015748031496,53.657500000000006,8.265521814841879,7.047244094488189,19196.0,False,False
3441,892.6224489795918,147.57823129251702,124.21500000000002,12.575987040756612,6.275510204081633,19358.0,False,False
3442,885.7314814814815,606.0277777777778,45.63,7.622199185685551,11.5,51448.0,False,False
3443,886.4296296296296,706.6666666666666,57.03750000000001,8.521877758618217,9.311111111111112,33326.0,False,False
3444,887.5928143712575,766.0718562874251,70.5575,9.47821708854842,10.059880239520957,40856.0,False,False
3445,886.9642857142857,834.1,59.150000000000006,8.67825553156191,9.942857142857143,45269.0,False,False
3446,883.6176470588235,1256.6764705882354,14.365000000000002,4.276691017611702,13.852941176470589,24401.0,False,False
3447,888.5351351351351,580.0648648648648,78.16250000000001,9.9759503765487,9.264864864864865,36806.0,False,False
3448,887.3727272727273,1005.1636363636363,46.475,7.692451354514157,10.790909090909091,33944.0,False,False
3449,886.4193548387096,1232.1290322580646,39.292500000000004,7.073101498742004,12.311827956989248,41546.0,False,False
3450,893.5233160621761,499.48704663212436,81.5425,10.18936384552868,9.720207253886011,34486.0,False,False
3451,888.1584158415842,667.8910891089109,42.67250000000001,7.371045683803026,7.841584158415841,35790.0,False,False
3452,888.0103092783505,796.3917525773196,40.9825,7.22360987610134,12.422680412371134,41538.0,False,False
3453,887.169014084507,872.0,29.997500000000002,6.180129710871209,20.985915492957748,54172.0,False,False
3454,889.4885496183206,918.2061068702291,55.347500000000004,8.394678415652944,11.694656488549619,37585.0,False,False
3455,889.0857142857143,963.3142857142857,44.362500000000004,7.51558975086544,8.161904761904761,31951.0,False,False
3456,889.5314685314685,98.25174825174825,60.417500000000004,8.770743993187619,6.7272727272727275,20209.0,False,False
3457,889.0955882352941,321.3602941176471,57.46000000000001,8.553382035223404,7.970588235294118,25831.0,False,False
3458,892.9085365853658,358.530487804878,69.29,9.392697591996637,9.347560975609756,28427.0,False,False
3459,889.9461538461538,900.1461538461539,54.925000000000004,8.362576277354894,12.2,47432.0,False,False
3460,889.4745762711865,934.3135593220339,49.855000000000004,7.967267881951225,10.076271186440678,34128.0,False,False
3461,889.3577235772358,1016.9430894308944,51.96750000000001,8.134314724734013,8.902439024390244,34971.0,False,False
3462,891.6181818181818,1059.4363636363637,69.7125,9.421290344870497,10.284848484848485,40489.0,False,False
3463,889.2435897435897,117.11538461538461,32.955000000000005,6.477623730716943,5.051282051282051,19478.0,False,False
3464,889.4859813084112,169.81308411214954,45.2075,7.586829161027343,8.233644859813085,26592.0,False,False
3465,892.4887218045113,411.1353383458647,56.1925,8.458517193783473,8.842105263157896,29261.0,False,False
3466,889.0921052631579,806.1447368421053,32.11000000000001,6.394037987175715,11.394736842105264,40086.0,False,False
3467,890.2705882352941,1252.8117647058823,35.9125,6.762042232218129,13.447058823529412,26959.0,False,False
3468,891.3983050847457,348.3220338983051,49.855000000000004,7.967267881951225,8.983050847457626,28106.0,False,False
3469,891.0526315789474,203.42105263157896,40.1375,7.148751795020415,16.242105263157896,31120.0,False,False
3470,894.8082191780821,221.23287671232876,61.68500000000001,8.86226727857993,8.684931506849315,27092.0,False,False
3471,892.2654867256637,393.57522123893807,47.74250000000001,7.796642800880295,9.230088495575222,29694.0,False,False
3472,893.707182320442,678.646408839779,76.47250000000001,9.867512912824576,9.30939226519337,31149.0,False,False
3473,894.416,786.808,52.81250000000001,8.200180696565521,23.272,39652.0,False,False
3474,890.7837837837837,1147.054054054054,31.265000000000004,6.309345002941657,12.094594594594595,46377.0,False,False
3475,893.77,26.55,42.25000000000001,7.3344645861208315,6.2,16669.0,False,True
3476,892.6862745098039,268.37254901960785,43.095000000000006,7.407446130776911,6.254901960784314,23004.0,False,False
3477,893.1932773109244,308.3697478991597,50.2775,8.000956268498294,7.38655462184874,24595.0,False,False
3478,894.0526315789474,517.2781954887218,56.1925,8.458517193783473,9.37593984962406,31427.0,False,False
3479,893.1925925925926,1030.525925925926,57.03750000000001,8.521877758618217,9.57037037037037,38174.0,False,False
3480,895.29,41.49,42.25000000000001,7.3344645861208315,5.3,17309.0,False,False
3481,893.8936170212766,278.25531914893617,39.715,7.1110272478142695,6.4361702127659575,23398.0,False,False
3482,893.3636363636364,292.9848484848485,27.885,5.958547197508803,8.575757575757576,24007.0,False,False
3483,895.9196428571429,451.20535714285717,47.32000000000001,7.762067717874401,9.571428571428571,30505.0,False,False
3484,894.5281690140845,533.9014084507043,59.995000000000005,8.740023254338977,9.795774647887324,29153.0,False,False
3485,893.7021276595744,607.1276595744681,39.715,7.1110272478142695,12.840425531914894,46969.0,False,False
3486,893.6818181818181,648.5151515151515,27.885,5.958547197508803,11.696969696969697,35208.0,False,False
3487,894.1735537190083,695.0495867768595,51.1225,8.067911044732915,12.462809917355372,31458.0,False,False
3488,894.5593220338983,1078.457627118644,49.855000000000004,7.967267881951225,9.457627118644067,49081.0,False,False
3489,897.0569620253165,238.373417721519,66.75500000000001,9.219279028687428,5.962025316455696,22328.0,False,False
3490,894.7789473684211,422.2842105263158,40.1375,7.148751795020415,9.926315789473684,28504.0,False,False
3491,894.7162162162163,727.4864864864865,31.265000000000004,6.309345002941657,10.216216216216216,36233.0,False,False
3492,897.8239436619718,942.6197183098592,59.995000000000005,8.740023254338977,11.119718309859154,32257.0,False,False
3493,895.056179775281,1096.4943820224719,37.602500000000006,6.919320051920128,19.730337078651687,56991.0,False,False
3494,897.9787234042553,111.64539007092199,59.572500000000005,8.709194152086374,5.539007092198582,19105.0,False,False
3495,898.417808219178,437.59589041095893,61.68500000000001,8.86226727857993,9.486301369863014,28569.0,False,False
3496,897.0909090909091,462.24675324675326,32.532500000000006,6.4359665543799,9.948051948051948,31583.0,False,False
3497,898.5403225806451,637.2903225806451,52.39000000000001,8.167314108608483,12.225806451612904,39015.0,False,False
3498,902.5363636363636,705.8545454545455,92.95,10.878769033449206,11.436363636363636,32337.0,False,False
3499,897.6774193548387,824.1451612903226,52.39000000000001,8.167314108608483,11.903225806451612,35568.0,False,False
3500,898.3700787401575,1001.9370078740158,53.657500000000006,8.265521814841879,9.905511811023622,37767.0,False,False
3501,898.9166666666666,258.719696969697,55.77,8.426658258757147,6.5606060606060606,21629.0,False,False
3502,898.8241758241758,343.2967032967033,38.447500000000005,6.996633290104976,6.868131868131868,25304.0,False,False
3503,896.566037735849,560.3584905660377,22.392500000000002,5.3395708165996005,8.075471698113208,28685.0,False,False
3504,899.352,745.552,52.81250000000001,8.200180696565521,10.88,34914.0,False,False
3505,900.8958333333334,985.3385416666666,81.12,10.162932247580734,12.125,35210.0,False,False
3506,898.0410958904109,62.0958904109589,30.842500000000005,6.266569289371519,6.041095890410959,17593.0,False,False
3507,899.7809523809524,717.2190476190476,44.362500000000004,7.51558975086544,10.552380952380952,34223.0,False,False
3508,901.7545454545455,799.1045454545455,92.95,10.878769033449206,10.613636363636363,39728.0,False,False
3509,898.5436893203884,851.0097087378641,43.517500000000005,7.443668577254932,11.893203883495145,48885.0,False,False
3510,898.7,1020.4555555555555,38.025000000000006,6.958084052995808,11.411111111111111,38761.0,False,False
3511,897.5753424657535,1146.6712328767123,30.842500000000005,6.266569289371519,11.876712328767123,45185.0,False,False
3512,897.6034482758621,1165.396551724138,24.505000000000003,5.58576181408903,14.413793103448276,47642.0,False,False
3513,901.0347826086957,74.68695652173913,48.587500000000006,7.8653370162898755,4.791304347826087,18542.0,False,False
3514,899.7962962962963,192.97222222222223,45.63,7.622199185685551,21.98148148148148,30403.0,False,True
3515,900.1025641025641,895.7179487179487,32.955000000000005,6.477623730716943,12.923076923076923,56109.0,False,False
3516,901.1971830985915,965.5070422535211,29.997500000000002,6.180129710871209,9.154929577464788,31958.0,False,False
3517,899.6122448979592,1216.408163265306,41.405,7.260749503306075,12.091836734693878,38574.0,False,False
3518,900.9568965517242,98.60344827586206,49.010000000000005,7.8994601136704485,6.137931034482759,19312.0,False,False
3519,901.7328767123288,333.14383561643837,61.68500000000001,8.86226727857993,7.417808219178082,23707.0,False,False
3520,900.3857142857142,482.65714285714284,29.575000000000003,6.136453335237093,10.228571428571428,32088.0,False,False
3521,902.8672566371681,4.407079646017699,47.74250000000001,7.796642800880295,5.300884955752212,10696.0,False,False
3522,901.328947368421,88.39473684210526,32.11000000000001,6.394037987175715,5.7368421052631575,19050.0,False,False
3523,905.9322033898305,829.6214689265537,74.78250000000001,9.75787047742269,10.898305084745763,36088.0,False,False
3524,902.1262135922331,862.4271844660194,43.517500000000005,7.443668577254932,22.95145631067961,51855.0,False,False
3525,902.9609375,924.0390625,54.080000000000005,8.297999432349801,11.65625,37189.0,False,False
3526,903.1285714285714,554.9714285714285,29.575000000000003,6.136453335237093,9.142857142857142,27471.0,False,False
3527,904.7972027972028,726.5664335664336,60.417500000000004,8.770743993187619,10.86013986013986,34176.0,False,False
3528,904.290909090909,127.72727272727273,46.475,7.692451354514157,5.754545454545455,18319.0,False,False
3529,905.2608695652174,170.29710144927537,58.30500000000001,8.616045012404687,6.913043478260869,26153.0,False,False
3530,904.0,408.9294117647059,35.9125,6.762042232218129,8.4,25905.0,False,False
3531,903.1756756756756,758.6486486486486,31.265000000000004,6.309345002941657,10.662162162162161,38071.0,False,False
3532,903.2666666666667,1242.5733333333333,31.687500000000004,6.351832654737959,7.52,33404.0,False,False
3533,905.1650485436893,300.86407766990294,43.517500000000005,7.443668577254932,7.980582524271845,22265.0,False,False
3534,906.32,606.44,52.81250000000001,8.200180696565521,11.032,38527.0,False,False
3535,907.5828571428572,649.5314285714286,73.93750000000001,9.702584647343,10.868571428571428,35582.0,False,False
3536,907.8322147651006,282.255033557047,62.95250000000001,8.952854988211321,7.724832214765101,21577.0,False,False
3537,904.6491228070175,581.4035087719299,24.082500000000003,5.537399329656889,9.666666666666666,32886.0,False,False
3538,908.8205128205128,686.0102564102564,82.3875,10.24202240731137,10.892307692307693,31620.0,False,False
3539,905.2096774193549,1085.0645161290322,26.195000000000004,5.775163190277621,8.870967741935484,45274.0,False,False
3540,905.6081081081081,1143.9594594594594,31.265000000000004,6.309345002941657,11.756756756756756,43302.0,False,False
3541,908.1370967741935,139.73387096774192,52.39000000000001,8.167314108608483,5.540322580645161,18389.0,False,False
3542,906.7623762376238,228.59405940594058,42.67250000000001,7.371045683803026,7.267326732673268,23746.0,False,False
3543,906.7641509433962,905.0283018867924,44.785000000000004,7.5512934660867375,14.584905660377359,49906.0,False,False
3544,909.776119402985,50.917910447761194,56.61500000000001,8.490256581822557,6.0,16777.0,False,False
3545,909.4191616766467,945.4850299401197,70.5575,9.47821708854842,9.658682634730539,31007.0,False,False
3546,913.3333333333334,71.4021164021164,79.8525,10.0832217443615,5.08994708994709,17527.0,False,False
3547,908.9473684210526,114.59210526315789,32.11000000000001,6.394037987175715,5.592105263157895,18417.0,False,False
3548,909.9615384615385,382.1307692307692,54.925000000000004,8.362576277354894,6.223076923076923,24630.0,False,False
3549,908.9612403100775,431.2170542635659,54.502500000000005,8.33035043001963,8.503875968992247,26051.0,False,False
3550,909.021978021978,877.5494505494505,38.447500000000005,6.996633290104976,38.42857142857143,60637.0,True,True
3551,909.6131386861314,893.8175182481751,57.88250000000001,8.584770698634475,15.773722627737227,60710.0,False,False
3552,910.8468468468468,914.8738738738739,46.89750000000001,7.727337934192946,15.477477477477477,42366.0,False,False
3553,910.3282442748092,158.01526717557252,55.347500000000004,8.394678415652944,6.587786259541985,21107.0,False,False
3554,909.3584905660377,191.16981132075472,44.785000000000004,7.5512934660867375,9.745283018867925,30059.0,False,False
3555,910.8660714285714,542.7053571428571,47.32000000000001,7.762067717874401,7.375,26627.0,False,False
3556,911.56,768.62,42.25000000000001,7.3344645861208315,10.04,36419.0,False,False
3557,911.3868613138686,794.8029197080292,57.88250000000001,8.584770698634475,12.445255474452555,37845.0,False,False
3558,909.3384615384615,844.123076923077,27.462500000000002,5.913234393907399,14.96923076923077,42795.0,False,False
3559,911.7416666666667,1150.7666666666667,50.7,8.034503402082343,13.875,43847.0,False,False
3560,910.7471264367816,815.9310344827586,36.7575,6.8411331346205175,11.471264367816092,34310.0,False,False
3561,912.1727272727272,969.7454545454545,46.475,7.692451354514157,8.4,33093.0,False,False
3562,912.4666666666667,1002.1777777777778,57.03750000000001,8.521877758618217,14.555555555555555,39227.0,False,False
3563,915.9375,1016.1761363636364,74.36000000000001,9.730266828124844,17.375,41241.0,False,False
3564,910.7236842105264,1237.578947368421,32.11000000000001,6.394037987175715,11.881578947368421,36565.0,False,False
3565,912.75,96.28571428571429,47.32000000000001,7.762067717874401,6.883928571428571,18049.0,False,False
3566,912.675,631.1125,33.800000000000004,6.560144557252417,10.325,35810.0,False,False
3567,912.0,1134.1333333333334,31.687500000000004,6.351832654737959,11.786666666666667,42077.0,False,False
3568,912.1743119266055,1173.4220183486239,46.0525,7.6574058357851245,14.495412844036696,46250.0,False,False
3569,912.8909090909091,310.5181818181818,46.475,7.692451354514157,7.109090909090909,20857.0,False,False
3570,912.8269230769231,368.22115384615387,43.940000000000005,7.479715609277069,7.134615384615385,23979.0,False,False
3571,912.4561403508771,1218.0526315789473,24.082500000000003,5.537399329656889,11.473684210526315,37351.0,False,False
3572,917.1832460732984,208.59685863874344,80.6975,10.136431727253225,8.450261780104713,27808.0,False,False
3573,915.8564356435644,250.25742574257427,85.34500000000001,10.424232774905905,5.910891089108911,20213.0,False,False
3574,916.0,352.758064516129,52.39000000000001,8.167314108608483,7.725806451612903,21575.0,False,False
3575,913.560606060606,393.1515151515151,27.885,5.958547197508803,7.2272727272727275,23585.0,False,False
3576,913.6310679611651,417.93203883495147,43.517500000000005,7.443668577254932,8.320388349514563,24783.0,False,False
3577,914.751677852349,486.96644295302013,62.95250000000001,8.952854988211321,8.89261744966443,29302.0,False,False
3578,913.8,670.9777777777778,38.025000000000006,6.958084052995808,10.233333333333333,36039.0,False,False
3579,920.268085106383,832.9787234042553,99.28750000000001,11.24352130330585,12.753191489361702,37087.0,False,False
3580,913.9056603773585,1196.5754716981132,44.785000000000004,7.5512934660867375,12.11320754716981,41714.0,False,False
3581,913.2093023255813,1256.906976744186,18.1675,4.809530063215748,15.44186046511628,23709.0,False,False
3582,914.6271186440678,329.9830508474576,24.927500000000002,5.633709146857493,4.271186440677966,21160.0,False,False
3583,915.8089887640449,407.1011235955056,37.602500000000006,6.919320051920128,6.213483146067416,23673.0,False,False
3584,916.6405228758169,455.73202614379085,64.64250000000001,9.072231658778492,7.7973856209150325,27098.0,False,False
3585,915.0625,529.6625,33.800000000000004,6.560144557252417,9.35,26479.0,False,False
3586,913.9787234042553,591.1702127659574,19.8575,5.028255588131782,12.97872340425532,37159.0,False,False
3587,919.7428571428571,179.0,73.93750000000001,9.702584647343,6.045714285714285,26403.0,False,False
3588,915.6458333333334,476.2291666666667,20.28,5.081466123790367,8.541666666666666,28742.0,False,False
3589,917.1808510638298,502.4468085106383,39.715,7.1110272478142695,9.936170212765957,27407.0,False,False
3590,917.1076923076923,696.5153846153846,54.925000000000004,8.362576277354894,9.161538461538461,31560.0,False,False
3591,917.5826771653543,1030.3937007874015,53.657500000000006,8.265521814841879,15.188976377952756,40904.0,False,False
3592,918.4929577464789,654.2535211267606,29.997500000000002,6.180129710871209,11.380281690140846,39510.0,False,True
3593,918.8348623853211,977.5688073394496,46.0525,7.6574058357851245,9.412844036697248,33915.0,False,False
3594,920.354609929078,152.18439716312056,59.572500000000005,8.709194152086374,5.9361702127659575,18390.0,False,False
3595,918.8041237113403,864.6185567010309,40.9825,7.22360987610134,17.49484536082474,62269.0,False,False
3596,921.1666666666666,40.63333333333333,50.7,8.034503402082343,4.091666666666667,16898.0,False,False
3597,918.9487179487179,294.28205128205127,32.955000000000005,6.477623730716943,6.3076923076923075,20976.0,False,False
3598,920.3564356435644,573.7326732673267,42.67250000000001,7.371045683803026,10.306930693069306,34650.0,False,False
3599,921.3918918918919,778.081081081081,62.53000000000001,8.922761272851007,10.114864864864865,33907.0,False,False
3600,918.3770491803278,1228.377049180328,25.7725,5.728399965669906,12.37704918032787,38306.0,False,False
3601,920.530303030303,268.469696969697,27.885,5.958547197508803,6.515151515151516,19914.0,False,False
3602,921.5940594059406,423.1188118811881,42.67250000000001,7.371045683803026,7.237623762376238,23837.0,False,False
3603,919.188679245283,515.9056603773585,22.392500000000002,5.3395708165996005,7.056603773584905,26696.0,False,False
3604,922.1914893617021,750.3120567375887,59.572500000000005,8.709194152086374,10.659574468085106,30011.0,False,False
3605,920.1666666666666,889.1538461538462,32.955000000000005,6.477623730716943,21.58974358974359,65621.0,True,False
3606,921.5816326530612,1056.7551020408164,41.405,7.260749503306075,14.142857142857142,38243.0,False,False
3607,920.45,1074.37,42.25000000000001,7.3344645861208315,10.08,39676.0,False,False
3608,921.578947368421,100.1842105263158,32.11000000000001,6.394037987175715,6.381578947368421,18023.0,False,False
3609,921.81,542.83,42.25000000000001,7.3344645861208315,7.16,25929.0,False,False
3610,921.3838383838383,851.5353535353536,41.82750000000001,7.297700121093632,15.434343434343434,48812.0,False,False
3611,923.2692307692307,962.0,54.925000000000004,8.362576277354894,8.184615384615384,31021.0,False,False
3612,921.6111111111111,1249.8703703703704,22.815,5.389708731752834,16.62962962962963,29977.0,False,False
3613,921.7435897435897,309.6923076923077,32.955000000000005,6.477623730716943,6.384615384615385,19757.0,False,False
3614,922.3947368421053,629.8157894736842,32.11000000000001,6.394037987175715,9.026315789473685,35722.0,False,False
3615,922.6991150442478,725.3982300884956,47.74250000000001,7.796642800880295,9.831858407079647,30627.0,False,False
3616,924.0818181818182,437.9909090909091,46.475,7.692451354514157,7.536363636363636,24578.0,False,False
3617,924.6589147286821,554.5581395348837,54.502500000000005,8.33035043001963,6.410852713178294,28213.0,False,False
3618,921.92,679.74,21.125000000000004,5.186249645218625,10.1,36226.0,False,False
3619,924.4375,939.0416666666666,40.56,7.186278309003779,9.645833333333334,31132.0,False,False
3620,923.3219178082192,1092.3972602739725,61.68500000000001,8.86226727857993,15.287671232876713,38951.0,False,False
3621,925.1346153846154,1164.7051282051282,65.91000000000001,9.160743331929707,14.967948717948717,45777.0,False,False
3622,924.0,1217.0,35.9125,6.762042232218129,12.952941176470588,36469.0,False,False
3623,926.7341772151899,596.4683544303797,66.75500000000001,9.219279028687428,11.474683544303797,38619.0,False,False
3624,924.8504672897196,667.7196261682243,45.2075,7.586829161027343,10.532710280373832,41408.0,False,False
3625,925.9059829059829,1190.6410256410256,49.432500000000005,7.933436443000028,15.205128205128204,41691.0,False,False
3626,926.4725274725274,238.06593406593407,38.447500000000005,6.996633290104976,5.516483516483516,20584.0,False,False
3627,925.2063492063492,531.0952380952381,26.617500000000003,5.8215507884058,8.793650793650794,25783.0,False,False
3628,926.8225806451613,649.2177419354839,52.39000000000001,8.167314108608483,13.07258064516129,41111.0,False,True
3629,929.0536912751678,715.6711409395973,62.95250000000001,8.952854988211321,8.805369127516778,29384.0,False,False
3630,926.1388888888889,739.75,45.63,7.622199185685551,9.685185185185185,29505.0,False,False
3631,925.716049382716,1034.1604938271605,34.222500000000004,6.601018127508749,13.444444444444445,40482.0,False,True
3632,927.9424460431654,249.61870503597123,58.727500000000006,8.647206217237697,6.323741007194244,20198.0,False,False
3633,927.6614173228346,879.0866141732283,53.657500000000006,8.265521814841879,25.023622047244096,68716.0,True,False
3634,928.4031007751938,1006.4186046511628,54.502500000000005,8.33035043001963,9.612403100775193,39974.0,False,False
3635,925.86,1139.98,21.125000000000004,5.186249645218625,14.28,41210.0,False,False
3636,928.2972972972973,916.5675675675676,46.89750000000001,7.727337934192946,12.162162162162161,43896.0,False,False
3637,931.1481481481482,1043.7566137566137,79.8525,10.0832217443615,11.158730158730158,39306.0,False,False
3638,928.2112676056338,323.6056338028169,29.997500000000002,6.180129710871209,5.211267605633803,19237.0,False,False
3639,929.728813559322,340.14406779661016,49.855000000000004,7.967267881951225,6.161016949152542,19184.0,False,False
3640,929.8346456692914,860.8582677165355,53.657500000000006,8.265521814841879,11.173228346456693,57547.0,False,False
3641,930.0254237288135,946.6694915254237,49.855000000000004,7.967267881951225,10.372881355932204,29054.0,False,False
3642,931.8100558659218,129.04469273743015,75.62750000000001,9.812844830601293,6.229050279329609,17664.0,False,False
3643,930.2418300653595,290.9477124183006,64.64250000000001,9.072231658778492,6.03921568627451,20289.0,False,False
3644,928.5490196078431,447.3137254901961,21.547500000000003,5.237855390346407,8.843137254901961,24569.0,False,False
3645,931.0531914893617,694.9255319148937,39.715,7.1110272478142695,8.627659574468085,30567.0,False,False
3646,935.251012145749,44.927125506072876,104.35750000000002,11.5270159100133,4.761133603238866,16856.0,False,False
3647,932.8578431372549,162.00980392156862,86.19000000000001,10.475710780692815,5.431372549019608,19554.0,False,False
3648,930.8965517241379,187.18103448275863,49.010000000000005,7.8994601136704485,6.301724137931035,23976.0,False,False
3649,929.8620689655172,518.5,24.505000000000003,5.58576181408903,7.051724137931035,25582.0,False,False
3650,930.4,679.0333333333333,38.025000000000006,6.958084052995808,10.877777777777778,38090.0,False,False
3651,932.0762711864406,841.0762711864406,49.855000000000004,7.967267881951225,12.90677966101695,38744.0,False,False
3652,929.7659574468086,905.063829787234,19.8575,5.028255588131782,15.46808510638298,52914.0,False,False
3653,931.9433962264151,927.2704402515724,67.17750000000001,9.24840794496255,10.949685534591195,35452.0,False,False
3654,932.9379310344827,986.8137931034482,61.2625,8.831864899857669,10.875862068965517,34816.0,False,False
3655,934.1666666666666,1019.7761904761904,88.72500000000001,10.628648954906136,12.752380952380953,38922.0,False,True
3656,932.5123966942149,68.72727272727273,51.1225,8.067911044732915,5.008264462809917,17520.0,False,False
3657,930.6470588235294,86.66666666666667,21.547500000000003,5.237855390346407,4.9411764705882355,18000.0,False,False
3658,932.9646017699115,582.1858407079646,47.74250000000001,7.796642800880295,14.247787610619469,38408.0,False,False
3659,933.4491525423729,630.7966101694915,49.855000000000004,7.967267881951225,10.754237288135593,36551.0,False,False
3660,931.5185185185185,808.1111111111111,34.222500000000004,6.601018127508749,9.802469135802468,31517.0,False,False
3661,932.9722222222222,821.0625,60.84,8.801357503344999,10.409722222222221,32075.0,False,False
3662,931.1475409836065,1079.622950819672,25.7725,5.728399965669906,12.147540983606557,36899.0,False,False
3663,931.015873015873,1149.6984126984128,26.617500000000003,5.8215507884058,14.285714285714286,44348.0,False,False
3664,932.3582089552239,423.1044776119403,28.307500000000005,6.003518003020447,7.1940298507462686,22594.0,False,False
3665,933.8403361344538,461.5126050420168,50.2775,8.000956268498294,8.319327731092438,24868.0,False,False
3666,932.2409638554217,620.2650602409639,35.0675,6.682015245043993,10.228915662650602,34677.0,False,False
3667,934.2965517241379,797.8068965517241,61.2625,8.831864899857669,10.36551724137931,30487.0,False,False
3668,933.6626506024096,969.0120481927711,35.0675,6.682015245043993,8.325301204819278,30909.0,False,False
3669,934.6515151515151,223.93939393939394,55.77,8.426658258757147,7.159090909090909,21668.0,False,False
3670,935.4347826086956,528.5478260869565,48.587500000000006,7.8653370162898755,7.086956521739131,25170.0,False,False
3671,933.0123456790124,607.3456790123457,34.222500000000004,6.601018127508749,10.604938271604938,38630.0,False,False
3672,936.8010471204188,396.9476439790576,80.6975,10.136431727253225,6.460732984293194,20879.0,False,False
3673,935.5973154362416,1204.5973154362416,62.95250000000001,8.952854988211321,9.557046979865772,37709.0,False,False
3674,935.1739130434783,107.21739130434783,29.152500000000003,6.092463855279885,6.507246376811594,18012.0,False,False
3675,936.3219178082192,204.34931506849315,61.68500000000001,8.86226727857993,6.383561643835616,23109.0,False,False
3676,937.6991150442478,319.5575221238938,47.74250000000001,7.796642800880295,5.115044247787611,18151.0,False,False
3677,937.4516129032259,448.6209677419355,52.39000000000001,8.167314108608483,7.435483870967742,23444.0,False,False
3678,936.3214285714286,667.1785714285714,47.32000000000001,7.762067717874401,15.526785714285714,41619.0,False,False
3679,937.2887931034483,1107.6853448275863,98.02000000000001,11.17152362817806,10.724137931034482,39635.0,False,False
3680,935.2291666666666,1125.1666666666667,20.28,5.081466123790367,13.979166666666666,38977.0,False,False
3681,938.2820512820513,243.30769230769232,49.432500000000005,7.933436443000028,5.6752136752136755,20315.0,False,False
3682,937.797619047619,328.3452380952381,35.49,6.722147829574334,3.9285714285714284,18106.0,False,False
3683,935.8923076923077,539.1076923076923,27.462500000000002,5.913234393907399,7.8307692307692305,25963.0,False,False
3684,937.2941176470588,1004.4117647058823,35.9125,6.762042232218129,10.623529411764705,37478.0,False,False
3685,938.0,1155.1626016260163,51.96750000000001,8.134314724734013,10.75609756097561,44034.0,False,False
3686,942.6731707317073,84.05365853658536,86.61250000000001,10.501355153901534,4.785365853658536,18558.0,False,False
3687,942.1761658031088,1032.937823834197,81.5425,10.18936384552868,10.44559585492228,37738.0,False,True
3688,937.5373134328358,92.67164179104478,28.307500000000005,6.003518003020447,5.701492537313433,18265.0,False,False
3689,939.0461538461539,178.52307692307693,27.462500000000002,5.913234393907399,9.738461538461538,20752.0,False,False
3690,940.4311926605504,346.2844036697248,46.0525,7.6574058357851245,6.330275229357798,18426.0,False,False
3691,940.2735042735043,514.8376068376068,49.432500000000005,7.933436443000028,8.273504273504274,25166.0,False,False
3692,937.1379310344828,957.3620689655172,24.505000000000003,5.58576181408903,10.586206896551724,27857.0,False,False
3693,939.7,974.9125,33.800000000000004,6.560144557252417,9.4,30259.0,False,False
3694,939.4285714285714,997.5194805194806,32.532500000000006,6.4359665543799,10.324675324675324,35616.0,False,False
3695,940.5172413793103,136.19827586206895,49.010000000000005,7.8994601136704485,4.905172413793103,17556.0,False,False
3696,939.3815789473684,706.7368421052631,32.11000000000001,6.394037987175715,8.921052631578947,28478.0,False,False
3697,940.4105263157895,809.1789473684211,40.1375,7.148751795020415,9.842105263157896,29977.0,False,False
3698,942.7165354330708,281.8267716535433,53.657500000000006,8.265521814841879,6.433070866141732,19806.0,False,False
3699,940.2871287128713,299.6831683168317,42.67250000000001,7.371045683803026,6.287128712871287,19185.0,False,False
3700,940.71875,338.40625,27.040000000000003,5.867571668896666,6.703125,18194.0,False,False
3701,939.0571428571428,483.57142857142856,14.787500000000001,4.339127765780955,7.885714285714286,24570.0,False,False
3702,940.4672897196261,884.9532710280374,45.2075,7.586829161027343,36.149532710280376,58721.0,True,False
3703,939.7540983606557,938.0819672131148,25.7725,5.728399965669906,9.114754098360656,29763.0,False,False
3704,942.0610687022901,1060.671755725191,55.347500000000004,8.394678415652944,9.198473282442748,36936.0,False,False
3705,939.0697674418604,1089.5348837209303,18.1675,4.809530063215748,13.325581395348838,36057.0,False,False
3706,942.9333333333333,147.37142857142857,44.362500000000004,7.51558975086544,5.580952380952381,18298.0,False,False
3707,942.650406504065,270.9674796747967,51.96750000000001,8.134314724734013,6.308943089430894,19540.0,False,False
3708,943.8156424581006,359.49162011173183,75.62750000000001,9.812844830601293,5.5027932960893855,19058.0,False,False
3709,942.065934065934,415.3626373626374,38.447500000000005,6.996633290104976,7.43956043956044,21431.0,False,False
3710,944.6700507614213,642.2233502538071,83.2325,10.294411610537507,12.395939086294415,39543.0,False,False
3711,942.025641025641,718.474358974359,32.955000000000005,6.477623730716943,8.435897435897436,27235.0,False,False
3712,940.0877192982456,1232.8947368421052,24.082500000000003,5.537399329656889,12.403508771929825,41299.0,False,False
3713,942.6043956043956,30.032967032967033,38.447500000000005,6.996633290104976,6.131868131868132,17253.0,False,False
3714,945.4335664335664,384.27972027972027,60.417500000000004,8.770743993187619,6.594405594405594,20078.0,False,False
3715,943.4701492537314,430.46268656716416,56.61500000000001,8.490256581822557,6.895522388059701,22269.0,False,False
3716,941.5373134328358,770.6865671641791,28.307500000000005,6.003518003020447,7.447761194029851,26397.0,False,False
3717,943.5869565217391,831.3623188405797,58.30500000000001,8.616045012404687,10.079710144927537,32558.0,False,False
3718,945.8455882352941,249.74264705882354,57.46000000000001,8.553382035223404,6.610294117647059,20274.0,False,False
3719,947.0233918128655,374.27485380116957,72.2475,9.591056980763573,5.409356725146199,19452.0,False,False
3720,944.6934306569343,1191.3941605839416,57.88250000000001,8.584770698634475,11.94890510948905,37852.0,False,False
3721,942.3928571428571,1222.892857142857,11.830000000000002,3.8810338589372004,10.392857142857142,37912.0,False,False
3722,948.6858974358975,537.8269230769231,65.91000000000001,9.160743331929707,7.365384615384615,26291.0,False,False
3723,945.2073170731708,780.9024390243902,34.645,6.641640160935379,7.390243902439025,26063.0,False,False
3724,943.8539325842696,957.561797752809,37.602500000000006,6.919320051920128,9.382022471910112,27411.0,False,False
3725,947.0316455696203,174.31645569620252,66.75500000000001,9.219279028687428,9.284810126582279,20372.0,False,False
3726,945.7674418604652,525.5697674418604,36.335,6.801702644040839,8.209302325581396,24698.0,False,False
3727,946.2190476190476,591.495238095238,44.362500000000004,7.51558975086544,29.942857142857143,38453.0,False,False
3728,946.2544378698225,658.491124260355,71.4025,9.534803961957083,28.071005917159763,40789.0,True,True
3729,946.744,761.624,52.81250000000001,8.200180696565521,7.504,24767.0,False,False
3730,946.2870370370371,923.9166666666666,45.63,7.622199185685551,7.907407407407407,34513.0,False,False
3731,945.3636363636364,550.8909090909091,23.2375,5.439384516724603,8.254545454545454,27221.0,False,False
3732,945.8024691358024,578.925925925926,34.222500000000004,6.601018127508749,14.580246913580247,38130.0,False,False
3733,948.5323741007194,862.9136690647482,58.727500000000006,8.647206217237697,18.964028776978417,46331.0,False,False
3734,949.1924882629108,1046.0657276995305,89.9925,10.704298656594888,10.765258215962442,39252.0,False,False
3735,948.2477876106195,471.95575221238937,47.74250000000001,7.796642800880295,6.070796460176991,23317.0,False,False
3736,949.1454545454545,1005.3363636363637,46.475,7.692451354514157,11.7,33447.0,False,False
3737,946.4925373134329,1020.8955223880597,28.307500000000005,6.003518003020447,11.940298507462687,35086.0,False,True
3738,950.7268722466961,1069.6431718061674,95.90750000000001,11.050485131282139,10.519823788546255,37378.0,False,False
3739,948.2597402597403,97.58441558441558,32.532500000000006,6.4359665543799,5.5064935064935066,18845.0,False,False
3740,949.66,107.84,42.25000000000001,7.3344645861208315,6.03,18666.0,False,False
3741,948.9830508474577,140.79661016949152,24.927500000000002,5.633709146857493,5.6440677966101696,17911.0,False,False
3742,951.9314285714286,188.24,73.93750000000001,9.702584647343,8.205714285714286,21656.0,False,False
3743,950.0754716981132,849.3018867924528,44.785000000000004,7.5512934660867375,10.745283018867925,38401.0,False,False
3744,950.3781512605042,908.1512605042017,50.2775,8.000956268498294,11.890756302521009,43994.0,False,False
3745,950.6495726495726,1159.957264957265,49.432500000000005,7.933436443000028,12.384615384615385,39347.0,False,False
3746,949.6607142857143,23.375,23.660000000000004,5.488610719338178,5.303571428571429,16721.0,False,False
3747,951.9347826086956,624.1811594202899,58.30500000000001,8.616045012404687,8.144927536231885,34065.0,False,False
3748,952.006329113924,789.9873417721519,66.75500000000001,9.219279028687428,9.177215189873417,25982.0,False,False
3749,950.1052631578947,895.438596491228,24.082500000000003,5.537399329656889,21.50877192982456,53214.0,False,False
3750,952.9612403100775,336.86046511627904,54.502500000000005,8.33035043001963,5.875968992248062,17334.0,False,False
3751,950.3636363636364,566.4318181818181,18.590000000000003,4.865133414062422,11.840909090909092,34321.0,False,False
3752,952.5432098765432,609.858024691358,68.44500000000001,9.335249361393526,7.734567901234568,35774.0,False,False
3753,953.3441558441558,701.8246753246754,65.06500000000001,9.101831188183693,8.168831168831169,27374.0,False,False
3754,952.0825688073395,1111.8256880733945,46.0525,7.6574058357851245,10.559633027522937,35949.0,False,False
3755,951.5806451612904,1237.1129032258063,26.195000000000004,5.775163190277621,12.903225806451612,40257.0,False,False
3756,953.2773109243698,57.016806722689076,50.2775,8.000956268498294,6.815126050420168,19008.0,False,False
3757,952.8533333333334,518.9866666666667,31.687500000000004,6.351832654737959,9.426666666666666,23771.0,False,False
3758,953.0674157303371,583.3820224719101,37.602500000000006,6.919320051920128,10.910112359550562,37292.0,False,False
3759,953.2803738317757,733.3084112149533,45.2075,7.586829161027343,9.186915887850468,24906.0,False,False
3760,954.75625,978.24375,67.60000000000001,9.277445403994411,8.15625,28775.0,False,False
3761,952.9444444444445,1083.5833333333333,45.63,7.622199185685551,10.527777777777779,34938.0,False,False
3762,954.7238095238096,1129.4095238095238,44.362500000000004,7.51558975086544,13.133333333333333,38064.0,False,True
3763,953.816513761468,1170.7798165137615,46.0525,7.6574058357851245,11.220183486238533,37598.0,False,False
3764,953.6172839506173,154.320987654321,34.222500000000004,6.601018127508749,5.185185185185185,19154.0,False,False
3765,955.158273381295,200.8273381294964,58.727500000000006,8.647206217237697,7.460431654676259,22399.0,False,False
3766,953.3924050632911,505.53164556962025,33.377500000000005,6.519014718835807,7.417721518987341,23516.0,False,False
3767,954.8088235294117,550.0514705882352,57.46000000000001,8.553382035223404,8.352941176470589,27205.0,False,False
3768,953.18,1192.32,21.125000000000004,5.186249645218625,10.8,35688.0,False,False
3769,954.8076923076923,223.5,43.940000000000005,7.479715609277069,8.26923076923077,21377.0,False,False
3770,956.6460674157304,1014.376404494382,75.20500000000001,9.785396259825553,10.02808988764045,33469.0,False,False
3771,956.1970802919708,1095.087591240876,57.88250000000001,8.584770698634475,9.817518248175183,35038.0,False,False
3772,955.156626506024,442.6265060240964,35.0675,6.682015245043993,5.9879518072289155,21649.0,False,False
3773,956.4862385321101,932.697247706422,46.0525,7.6574058357851245,8.495412844036696,29004.0,False,False
3774,954.9571428571429,954.4285714285714,29.575000000000003,6.136453335237093,8.714285714285714,26941.0,False,False
3775,955.8428571428572,963.5571428571428,29.575000000000003,6.136453335237093,9.542857142857143,27359.0,False,False
3776,956.4711538461538,43.375,43.940000000000005,7.479715609277069,5.125,19502.0,False,False
3777,956.5844155844156,65.93506493506493,32.532500000000006,6.4359665543799,7.311688311688312,19464.0,False,False
3778,957.021978021978,398.54945054945057,38.447500000000005,6.996633290104976,6.945054945054945,20123.0,False,False
3779,956.9565217391304,422.69565217391306,38.870000000000005,7.034971293747812,6.423913043478261,20891.0,False,False
3780,958.1052631578947,811.0,48.165000000000006,7.831065232276457,8.570175438596491,27414.0,False,False
3781,964.7510917030568,636.5065502183406,96.75250000000001,11.099058926413035,8.85589519650655,31861.0,False,False
3782,957.4318181818181,687.9772727272727,37.18000000000001,6.880337656921596,8.5,30594.0,False,False
3783,956.9767441860465,717.3372093023256,36.335,6.801702644040839,10.534883720930232,25215.0,False,False
3784,958.6272727272727,1209.5272727272727,46.475,7.692451354514157,11.136363636363637,33863.0,False,False
3785,961.2578125,160.140625,54.080000000000005,8.297999432349801,6.6640625,20860.0,False,False
3786,957.2203389830509,283.135593220339,24.927500000000002,5.633709146857493,7.711864406779661,19303.0,False,False
3787,958.4130434782609,491.9673913043478,38.870000000000005,7.034971293747812,7.228260869565218,22255.0,False,False
3788,958.9673913043479,841.4782608695652,38.870000000000005,7.034971293747812,8.48913043478261,31661.0,False,False
3789,958.7901234567901,870.4444444444445,34.222500000000004,6.601018127508749,10.123456790123457,45778.0,False,False
3790,960.0104166666666,110.88541666666667,40.56,7.186278309003779,5.5,19929.0,False,False
3791,959.0571428571428,132.04285714285714,29.575000000000003,6.136453335237093,4.857142857142857,19693.0,False,False
3792,960.3089430894308,272.2439024390244,51.96750000000001,8.134314724734013,6.317073170731708,19328.0,False,False
3793,960.376,371.032,52.81250000000001,8.200180696565521,6.088,19180.0,False,False
3794,959.7631578947369,514.2763157894736,32.11000000000001,6.394037987175715,7.0,23240.0,False,True
3795,960.8531468531469,828.5034965034965,60.417500000000004,8.770743993187619,7.811188811188811,28121.0,False,False
3796,960.325,898.825,33.800000000000004,6.560144557252417,14.2875,43261.0,False,False
3797,961.3366336633663,1026.4554455445545,42.67250000000001,7.371045683803026,14.386138613861386,38027.0,False,False
3798,962.4809160305343,1114.4885496183206,55.347500000000004,8.394678415652944,14.053435114503817,34898.0,False,False
3799,961.2604166666666,10.802083333333334,40.56,7.186278309003779,6.78125,14433.0,False,False
3800,961.6929824561404,141.24561403508773,48.165000000000006,7.831065232276457,6.7894736842105265,20220.0,False,False
3801,962.2886597938144,671.3505154639175,40.9825,7.22360987610134,11.443298969072165,35321.0,False,False
3802,963.2444444444444,771.3925925925926,57.03750000000001,8.521877758618217,6.851851851851852,22979.0,False,False
3803,961.5,1036.7674418604652,36.335,6.801702644040839,12.895348837209303,41324.0,False,False
3804,961.7746478873239,1255.9154929577464,29.997500000000002,6.180129710871209,14.211267605633802,28723.0,False,False
3805,963.47,88.35,42.25000000000001,7.3344645861208315,6.66,20580.0,False,False
3806,962.0985915492957,383.40845070422534,29.997500000000002,6.180129710871209,5.971830985915493,19506.0,False,False
3807,963.6068376068376,457.5811965811966,49.432500000000005,7.933436443000028,7.273504273504273,21148.0,False,False
3808,961.968253968254,577.4444444444445,26.617500000000003,5.8215507884058,8.714285714285714,35272.0,False,False
3809,962.421052631579,856.5921052631579,32.11000000000001,6.394037987175715,9.710526315789474,36979.0,False,False
3810,962.6222222222223,945.0555555555555,38.025000000000006,6.958084052995808,9.622222222222222,27106.0,False,False
3811,963.8384615384615,1001.6692307692308,54.925000000000004,8.362576277354894,8.338461538461539,31266.0,False,False
3812,964.3790849673203,1085.6535947712418,64.64250000000001,9.072231658778492,10.470588235294118,35220.0,False,False
3813,962.5,1173.25,27.040000000000003,5.867571668896666,10.71875,34884.0,False,False
3814,966.0983606557377,506.155737704918,51.545,8.101180922147954,6.450819672131147,22834.0,False,True
3815,963.6216216216217,522.8513513513514,31.265000000000004,6.309345002941657,9.58108108108108,23483.0,False,False
3816,965.1679389312977,742.3816793893129,55.347500000000004,8.394678415652944,5.656488549618321,22994.0,False,False
3817,964.8414634146342,124.86585365853658,34.645,6.641640160935379,4.512195121951219,21530.0,False,False
3818,965.5424836601308,186.6013071895425,64.64250000000001,9.072231658778492,6.830065359477124,22287.0,False,False
3819,964.9109589041096,409.6164383561644,61.68500000000001,8.86226727857993,6.383561643835616,20433.0,False,False
3820,962.6530612244898,702.5714285714286,20.7025,5.134125210284583,7.673469387755102,26270.0,False,False
3821,965.7227722772277,960.3366336633663,42.67250000000001,7.371045683803026,9.178217821782178,26542.0,False,False
3822,965.8656716417911,241.29850746268656,28.307500000000005,6.003518003020447,7.164179104477612,20608.0,False,False
3823,967.5949367088608,487.36708860759495,33.377500000000005,6.519014718835807,7.3924050632911396,21523.0,False,False
3824,966.4615384615385,715.4461538461538,54.925000000000004,8.362576277354894,8.092307692307692,24806.0,False,False
3825,964.4029850746268,876.3880597014926,28.307500000000005,6.003518003020447,12.492537313432836,44490.0,False,False
3826,967.7857142857143,979.5079365079365,53.23500000000001,8.232916079007266,8.444444444444445,27662.0,False,False
3827,966.8453608247422,1135.0824742268042,40.9825,7.22360987610134,8.88659793814433,36571.0,False,False
3828,965.7972972972973,1143.1891891891892,31.265000000000004,6.309345002941657,8.378378378378379,36349.0,False,True
3829,967.1960784313726,51.80392156862745,43.095000000000006,7.407446130776911,6.137254901960785,22347.0,False,False
3830,964.7105263157895,925.5526315789474,16.055000000000003,4.5212676198963315,11.131578947368421,29262.0,False,False
3831,967.2065217391304,969.3695652173913,38.870000000000005,7.034971293747812,8.391304347826088,27239.0,False,False
3832,965.7894736842105,1151.5263157894738,24.082500000000003,5.537399329656889,12.333333333333334,35483.0,False,True
3833,968.4621848739496,1228.3697478991596,50.2775,8.000956268498294,11.823529411764707,40356.0,False,False
3834,966.7049180327868,99.98360655737704,25.7725,5.728399965669906,7.163934426229508,21120.0,False,False
3835,970.3673469387755,216.38095238095238,62.10750000000001,8.892565716633143,6.3061224489795915,21978.0,False,False
3836,968.7816091954023,497.97701149425285,36.7575,6.8411331346205175,6.080459770114943,22214.0,False,True
3837,970.0425531914893,731.3829787234042,59.572500000000005,8.709194152086374,6.787234042553192,23676.0,False,False
3838,967.8051948051948,1220.0389610389611,32.532500000000006,6.4359665543799,9.012987012987013,37086.0,False,False
3839,967.5964912280701,377.719298245614,24.082500000000003,5.537399329656889,6.526315789473684,19333.0,False,False
3840,968.2881355932203,615.2203389830509,24.927500000000002,5.633709146857493,10.59322033898305,29647.0,False,False
3841,969.0277777777778,824.824074074074,45.63,7.622199185685551,9.203703703703704,26624.0,False,False
3842,968.8953488372093,1250.4767441860465,36.335,6.801702644040839,14.906976744186046,32759.0,False,False
3843,972.9132653061224,293.6479591836735,82.81,10.268250420569165,5.964285714285714,17914.0,False,False
3844,969.4810126582279,539.9493670886076,33.377500000000005,6.519014718835807,8.113924050632912,25134.0,False,False
3845,970.9322033898305,764.8813559322034,49.855000000000004,7.967267881951225,6.330508474576271,22004.0,False,False
3846,972.468085106383,323.468085106383,59.572500000000005,8.709194152086374,5.787234042553192,17869.0,False,False
3847,973.2938596491229,1017.5043859649123,96.33000000000001,11.074798659313778,8.592105263157896,37090.0,False,False
3848,972.2989690721649,230.0,40.9825,7.22360987610134,8.969072164948454,20572.0,False,False
3849,973.5779816513761,547.0550458715596,46.0525,7.6574058357851245,9.009174311926605,25050.0,False,False
3850,975.2554347826087,889.8532608695652,77.74000000000001,9.948951814523555,11.429347826086957,33352.0,False,False
3851,972.1626016260162,910.0650406504066,51.96750000000001,8.134314724734013,9.59349593495935,31512.0,False,False
3852,972.0166666666667,75.41666666666667,25.35,5.681251839078812,7.466666666666667,23667.0,False,False
3853,973.7053571428571,265.98214285714283,47.32000000000001,7.762067717874401,5.267857142857143,19159.0,False,False
3854,971.6619718309859,438.5492957746479,29.997500000000002,6.180129710871209,5.830985915492958,20445.0,False,False
3855,973.4807692307693,451.08653846153845,43.940000000000005,7.479715609277069,6.8173076923076925,20768.0,False,False
3856,972.3218390804598,471.7586206896552,36.7575,6.8411331346205175,6.609195402298851,20975.0,False,False
3857,972.9142857142857,865.5238095238095,44.362500000000004,7.51558975086544,7.8,33979.0,False,False
3858,972.8095238095239,875.4285714285714,35.49,6.722147829574334,9.797619047619047,36021.0,False,False
3859,974.4649122807018,995.780701754386,48.165000000000006,7.831065232276457,12.973684210526315,28080.0,False,False
3860,975.1560283687943,1078.2836879432625,59.572500000000005,8.709194152086374,12.070921985815604,40614.0,False,False
3861,978.1826923076923,1091.6778846153845,87.88000000000001,10.57791525733337,8.10576923076923,34777.0,False,False
3862,971.0243902439024,1177.7073170731708,17.3225,4.696348795998318,8.146341463414634,32673.0,False,False
3863,970.2173913043479,1201.0869565217392,9.717500000000001,3.517485646873906,8.826086956521738,31423.0,False,False
3864,976.2390243902439,356.67317073170733,86.61250000000001,10.501355153901534,5.717073170731707,19166.0,False,False
3865,974.2380952380952,609.0119047619048,35.49,6.722147829574334,9.55952380952381,28880.0,False,False
3866,975.046511627907,687.5232558139535,36.335,6.801702644040839,6.5,25167.0,False,False
3867,972.843373493976,1211.1084337349398,35.0675,6.682015245043993,11.27710843373494,34053.0,False,False
3868,975.1637931034483,191.38793103448276,49.010000000000005,7.8994601136704485,7.086206896551724,22467.0,False,False
3869,976.0,275.00943396226415,44.785000000000004,7.5512934660867375,5.990566037735849,18321.0,False,False
3870,977.4070796460177,620.8495575221239,47.74250000000001,7.796642800880295,8.212389380530974,26554.0,False,False
3871,977.3888888888889,1066.6597222222222,60.84,8.801357503344999,17.25,49087.0,False,False
3872,974.7708333333334,1149.7083333333333,40.56,7.186278309003779,12.177083333333334,33466.0,False,False
3873,974.8387096774194,158.4516129032258,26.195000000000004,5.775163190277621,6.274193548387097,23874.0,False,False
3874,976.1538461538462,175.9010989010989,38.447500000000005,6.996633290104976,7.637362637362638,23908.0,False,False
3875,976.3396226415094,581.0094339622641,44.785000000000004,7.5512934660867375,9.584905660377359,29642.0,False,False
3876,977.7052631578947,50.01052631578948,40.1375,7.148751795020415,7.71578947368421,25486.0,False,False
3877,976.03125,376.65625,27.040000000000003,5.867571668896666,6.578125,18967.0,False,False
3878,975.9759036144578,460.7710843373494,35.0675,6.682015245043993,6.674698795180723,20859.0,False,False
3879,973.8333333333334,671.2666666666667,12.675,4.017251701041172,7.4,28957.0,False,False
3880,978.8608695652174,1101.3304347826088,48.587500000000006,7.8653370162898755,11.469565217391304,32936.0,False,False
3881,978.5208333333334,1184.0694444444443,60.84,8.801357503344999,9.20138888888889,31616.0,False,False
3882,978.4698795180723,422.06024096385545,35.0675,6.682015245043993,7.024096385542169,19817.0,False,False
3883,980.8402777777778,850.2708333333334,60.84,8.801357503344999,8.54861111111111,26555.0,False,False
3884,979.047619047619,955.515873015873,53.23500000000001,8.232916079007266,7.841269841269841,24859.0,False,False
3885,978.5454545454545,1035.3232323232323,41.82750000000001,7.297700121093632,12.505050505050505,49541.0,False,False
3886,983.6453201970444,313.60591133004925,85.76750000000001,10.450003476223014,4.359605911330049,17848.0,False,False
3887,981.4214285714286,731.7928571428571,59.150000000000006,8.67825553156191,7.235714285714286,22531.0,False,False
3888,978.4590163934427,932.0655737704918,25.7725,5.728399965669906,8.98360655737705,26619.0,False,False
3889,980.9607843137255,109.1470588235294,43.095000000000006,7.407446130776911,8.235294117647058,26201.0,False,False
3890,980.709090909091,440.8,23.2375,5.439384516724603,5.963636363636364,20135.0,False,False
3891,983.4125,769.95625,67.60000000000001,9.277445403994411,7.2625,21310.0,False,False
3892,982.8015267175573,1056.8015267175572,55.347500000000004,8.394678415652944,25.64885496183206,54521.0,False,False
3893,980.2045454545455,126.11363636363636,18.590000000000003,4.865133414062422,9.840909090909092,26095.0,False,False
3894,980.7818181818182,164.8909090909091,23.2375,5.439384516724603,6.709090909090909,25118.0,False,False
3895,984.448087431694,255.37158469945356,77.31750000000001,9.92187978661609,5.502732240437158,19451.0,False,False
3896,983.8169934640523,337.09150326797385,64.64250000000001,9.072231658778492,6.7254901960784315,18464.0,False,False
3897,981.9545454545455,469.1969696969697,27.885,5.958547197508803,7.242424242424242,20911.0,False,False
3898,982.0666666666667,494.9916666666667,50.7,8.034503402082343,6.408333333333333,20921.0,False,False
3899,981.5,917.95,42.25000000000001,7.3344645861208315,9.87,27570.0,False,False
3900,982.1525423728814,986.7881355932203,49.855000000000004,7.967267881951225,12.322033898305085,26543.0,False,False
3901,982.8942307692307,1025.25,43.940000000000005,7.479715609277069,12.076923076923077,44114.0,False,False
3902,983.528,282.16,52.81250000000001,8.200180696565521,6.28,17903.0,False,False
3903,984.059405940594,1042.1782178217823,42.67250000000001,7.371045683803026,30.019801980198018,53595.0,False,False
3904,983.895652173913,1254.2260869565218,48.587500000000006,7.8653370162898755,15.356521739130434,33441.0,False,False
3905,984.1794871794872,14.717948717948717,32.955000000000005,6.477623730716943,6.730769230769231,19811.0,False,False
3906,984.3658536585366,26.71951219512195,34.645,6.641640160935379,7.817073170731708,24859.0,False,False
3907,984.4927536231884,63.30434782608695,29.152500000000003,6.092463855279885,9.710144927536232,27570.0,False,False
3908,986.1496062992126,149.61417322834646,53.657500000000006,8.265521814841879,10.645669291338583,25850.0,False,False
3909,984.5,595.1375,33.800000000000004,6.560144557252417,8.8875,27293.0,False,False
3910,984.1967213114754,1162.1639344262296,25.7725,5.728399965669906,9.229508196721312,33084.0,False,False
3911,986.3783783783783,386.05405405405406,31.265000000000004,6.309345002941657,7.081081081081081,18870.0,False,False
3912,986.622641509434,413.3679245283019,44.785000000000004,7.5512934660867375,6.622641509433962,19934.0,False,False
3913,985.3875,665.0,33.800000000000004,6.560144557252417,6.8625,23763.0,False,False
3914,988.7913669064748,800.7913669064748,58.727500000000006,8.647206217237697,7.539568345323741,23836.0,False,False
3915,989.6926229508197,1079.672131147541,103.09,11.456799931339813,9.80327868852459,44757.0,False,False
3916,986.7678571428571,1123.580357142857,47.32000000000001,7.762067717874401,10.857142857142858,33442.0,False,True
3917,986.7058823529412,83.76470588235294,28.730000000000004,6.048154439185661,5.852941176470588,28525.0,False,False
3918,989.0820895522388,304.3358208955224,56.61500000000001,8.490256581822557,5.276119402985074,17731.0,False,False
3919,988.2936507936508,502.8809523809524,53.23500000000001,8.232916079007266,7.023809523809524,21200.0,False,False
3920,988.5593220338983,528.3983050847457,49.855000000000004,7.967267881951225,6.627118644067797,22325.0,False,False
3921,985.6349206349206,580.2222222222222,26.617500000000003,5.8215507884058,10.666666666666666,25772.0,False,False
3922,988.2056737588653,229.66666666666666,59.572500000000005,8.709194152086374,5.553191489361702,21773.0,False,False
3923,987.9560439560439,946.065934065934,38.447500000000005,6.996633290104976,8.87912087912088,25004.0,False,False
3924,989.280303030303,1106.1060606060605,55.77,8.426658258757147,9.484848484848484,32602.0,False,False
3925,989.6486486486486,213.9189189189189,46.89750000000001,7.727337934192946,6.414414414414415,23105.0,False,False
3926,992.1328671328671,545.4825174825174,60.417500000000004,8.770743993187619,6.468531468531468,22593.0,False,False
3927,990.7828947368421,1005.9276315789474,64.22000000000001,9.042535239792663,9.506578947368421,29482.0,False,False
3928,993.06,1048.825,84.50000000000001,10.37249929043725,32.02,59342.0,False,False
3929,990.5205479452055,1200.9315068493152,61.68500000000001,8.86226727857993,6.493150684931507,35033.0,False,False
3930,993.2992125984252,274.2834645669291,53.657500000000006,8.265521814841879,4.125984251968504,19353.0,False,False
3931,990.4857142857143,1158.7571428571428,29.575000000000003,6.136453335237093,10.7,33297.0,False,False
3932,992.1833333333333,109.39166666666667,50.7,8.034503402082343,10.558333333333334,28644.0,False,False
3933,992.4081632653061,361.7244897959184,41.405,7.260749503306075,6.755102040816326,19329.0,False,False
3934,992.0784313725491,457.02941176470586,43.095000000000006,7.407446130776911,5.362745098039215,20706.0,False,False
3935,991.38,631.18,42.25000000000001,7.3344645861208315,7.66,24005.0,False,False
3936,994.7121212121212,1096.6136363636363,55.77,8.426658258757147,10.295454545454545,35064.0,False,False
3937,994.04,536.08,42.25000000000001,7.3344645861208315,7.04,21875.0,False,False
3938,994.0074074074074,893.2,57.03750000000001,8.521877758618217,8.451851851851853,27017.0,False,False
3939,993.8455284552846,985.780487804878,51.96750000000001,8.134314724734013,7.626016260162602,25771.0,False,False
3940,992.171052631579,1016.7105263157895,32.11000000000001,6.394037987175715,9.355263157894736,37382.0,False,False
3941,993.1769911504425,1027.5398230088495,47.74250000000001,7.796642800880295,11.902654867256636,46708.0,False,False
3942,994.4315789473684,88.23157894736842,40.1375,7.148751795020415,9.210526315789474,30817.0,False,False
3943,992.6727272727272,177.1090909090909,23.2375,5.439384516724603,6.381818181818182,27262.0,False,False
3944,993.8,297.35,33.800000000000004,6.560144557252417,5.2625,18043.0,False,False
3945,995.2751677852349,347.38255033557044,62.95250000000001,8.952854988211321,6.530201342281879,20051.0,False,False
3946,993.6896551724138,400.5977011494253,36.7575,6.8411331346205175,5.436781609195402,19233.0,False,False
3947,994.1176470588235,831.7764705882353,35.9125,6.762042232218129,7.0588235294117645,25609.0,False,False
3948,993.6607142857143,951.5178571428571,23.660000000000004,5.488610719338178,7.75,24114.0,False,False
3949,997.7251461988304,974.140350877193,72.2475,9.591056980763573,6.128654970760234,24357.0,False,False
3950,997.1978609625669,329.5133689839572,79.00750000000001,10.029729474450614,6.080213903743315,19804.0,False,False
3951,994.8148148148148,468.4166666666667,45.63,7.622199185685551,6.62962962962963,20763.0,False,False
3952,995.0490196078431,610.9705882352941,43.095000000000006,7.407446130776911,8.382352941176471,23949.0,False,False
3953,996.593984962406,1114.2781954887218,56.1925,8.458517193783473,9.729323308270677,33162.0,False,False
3954,994.3723404255319,1132.8191489361702,39.715,7.1110272478142695,9.117021276595745,32857.0,False,False
3955,998.789156626506,235.25903614457832,70.135,9.449796583524995,5.325301204819277,23721.0,False,False
3956,997.3284671532847,766.1313868613139,57.88250000000001,8.584770698634475,7.226277372262774,20561.0,False,False
3957,996.3700787401575,852.8346456692914,53.657500000000006,8.265521814841879,7.826771653543307,25743.0,False,False
3958,996.4957983193277,1219.9915966386554,50.2775,8.000956268498294,12.495798319327731,46342.0,False,False
3959,996.8947368421053,146.49473684210525,40.1375,7.148751795020415,10.989473684210527,24675.0,False,False
3960,998.3360655737705,222.20491803278688,51.545,8.101180922147954,6.040983606557377,24457.0,False,False
3961,1000.2447257383966,417.7257383966245,100.13250000000001,11.291264708312957,6.143459915611814,19955.0,False,False
3962,999.054794520548,674.5479452054794,61.68500000000001,8.86226727857993,6.226027397260274,21579.0,False,False
3963,997.8645833333334,909.90625,40.56,7.186278309003779,6.958333333333333,25422.0,False,False
3964,997.2842105263157,490.2315789473684,40.1375,7.148751795020415,6.71578947368421,20739.0,False,False
3965,996.6170212765958,582.2978723404256,19.8575,5.028255588131782,7.829787234042553,23675.0,False,False
3966,998.08,924.3733333333333,31.687500000000004,6.351832654737959,7.04,24843.0,False,False
3967,998.7722772277227,1143.6336633663366,42.67250000000001,7.371045683803026,11.693069306930694,32542.0,False,False
3968,998.1578947368421,20.960526315789473,32.11000000000001,6.394037987175715,8.723684210526315,24647.0,False,False
3969,999.3168316831683,449.33663366336634,42.67250000000001,7.371045683803026,6.089108910891089,20800.0,False,False
3970,998.04,558.08,31.687500000000004,6.351832654737959,6.1866666666666665,22910.0,False,False
3971,999.6412213740458,641.3969465648855,55.347500000000004,8.394678415652944,6.984732824427481,22735.0,False,False
3972,1000.0243902439024,788.670731707317,34.645,6.641640160935379,6.560975609756097,22230.0,False,False
3973,998.4428571428572,996.8857142857142,29.575000000000003,6.136453335237093,9.128571428571428,26662.0,False,False
3974,998.6095238095238,1063.4571428571428,44.362500000000004,7.51558975086544,19.466666666666665,61012.0,True,False
3975,999.4711538461538,1252.5384615384614,43.940000000000005,7.479715609277069,19.048076923076923,34864.0,False,False
3976,999.0,67.62820512820512,32.955000000000005,6.477623730716943,11.935897435897436,31971.0,False,False
3977,1000.9324324324324,657.3513513513514,62.53000000000001,8.922761272851007,6.195945945945946,21678.0,False,False
3978,998.8070175438596,1153.3333333333333,24.082500000000003,5.537399329656889,12.491228070175438,33085.0,False,False
3979,1001.0681818181819,1231.6666666666667,55.77,8.426658258757147,21.810606060606062,48773.0,False,False
3980,1000.5352112676056,4.563380281690141,29.997500000000002,6.180129710871209,9.43661971830986,15892.0,False,False
3981,1001.8487394957983,190.67226890756302,50.2775,8.000956268498294,7.285714285714286,28497.0,False,False
3982,1001.568345323741,289.294964028777,58.727500000000006,8.647206217237697,6.877697841726619,19983.0,False,False
3983,999.4941176470588,744.5294117647059,35.9125,6.762042232218129,6.482352941176471,20259.0,False,False
3984,1002.4829931972789,1020.9251700680272,62.10750000000001,8.892565716633143,11.73469387755102,39193.0,False,False
3985,1002.6056338028169,124.5774647887324,29.997500000000002,6.180129710871209,12.225352112676056,24888.0,False,False
3986,1000.7638888888889,301.5138888888889,30.42,6.223499574262349,6.916666666666667,19150.0,False,False
3987,1001.1694915254237,438.89830508474574,24.927500000000002,5.633709146857493,6.254237288135593,20233.0,False,False
3988,1000.8333333333334,460.28333333333336,25.35,5.681251839078812,7.783333333333333,20946.0,False,False
3989,1006.0899470899471,501.8201058201058,79.8525,10.0832217443615,5.915343915343915,20203.0,False,False
3990,1002.6197183098592,571.3661971830986,59.995000000000005,8.740023254338977,6.112676056338028,22820.0,False,False
3991,1003.9808917197453,1006.0191082802547,66.33250000000001,9.190057785517194,7.987261146496815,28873.0,False,False
3992,1003.698275862069,205.77586206896552,49.010000000000005,7.8994601136704485,9.525862068965518,26308.0,False,False
3993,1005.3813559322034,269.93220338983053,49.855000000000004,7.967267881951225,6.127118644067797,22128.0,False,False
3994,1005.2086956521739,279.45217391304345,48.587500000000006,7.8653370162898755,6.060869565217391,21715.0,False,False
3995,1004.9703703703703,1076.125925925926,57.03750000000001,8.521877758618217,18.096296296296295,53278.0,False,False
3996,1006.8742857142857,336.9942857142857,73.93750000000001,9.702584647343,6.217142857142857,21331.0,False,False
3997,1005.0581395348837,718.7558139534884,36.335,6.801702644040839,6.476744186046512,21426.0,False,False
3998,1005.3173076923077,961.0576923076923,43.940000000000005,7.479715609277069,6.778846153846154,22842.0,False,False
3999,1006.10101010101,364.0808080808081,41.82750000000001,7.297700121093632,5.606060606060606,20445.0,False,False
4000,1005.0808080808081,380.24242424242425,41.82750000000001,7.297700121093632,5.222222222222222,19260.0,False,False
4001,1006.6846846846847,1116.7117117117118,46.89750000000001,7.727337934192946,8.792792792792794,32701.0,False,False
4002,1006.77,1128.13,42.25000000000001,7.3344645861208315,10.37,32227.0,False,False
4003,1007.1194029850747,1166.8880597014925,56.61500000000001,8.490256581822557,10.783582089552239,33295.0,False,False
4004,1007.6938775510204,228.16326530612244,41.405,7.260749503306075,6.418367346938775,26006.0,False,False
4005,1008.9822485207101,552.3905325443787,71.4025,9.534803961957083,6.390532544378698,22042.0,False,False
4006,1004.5151515151515,632.0909090909091,13.9425,4.2133291293785735,7.454545454545454,22531.0,False,False
4007,1007.2822580645161,741.266129032258,52.39000000000001,8.167314108608483,6.080645161290323,19984.0,False,False
4008,1010.7374301675977,1098.854748603352,75.62750000000001,9.812844830601293,10.87709497206704,36949.0,False,False
4009,1008.561403508772,310.0701754385965,48.165000000000006,7.831065232276457,7.473684210526316,21133.0,False,False
4010,1010.6268656716418,578.2089552238806,56.61500000000001,8.490256581822557,8.26865671641791,22335.0,False,False
4011,1009.9864864864865,778.0945945945946,62.53000000000001,8.922761272851007,6.831081081081081,21196.0,False,False
4012,1009.2977099236641,858.1908396946565,55.347500000000004,8.394678415652944,8.419847328244275,24753.0,False,False
4013,1008.4186046511628,888.4767441860465,36.335,6.801702644040839,6.686046511627907,24457.0,False,False
4014,1009.8372093023256,913.7441860465116,54.502500000000005,8.33035043001963,6.891472868217054,22699.0,False,False
4015,1008.1071428571429,1062.7571428571428,59.150000000000006,8.67825553156191,22.014285714285716,65488.0,True,False
4016,1007.453125,105.671875,27.040000000000003,5.867571668896666,12.90625,28206.0,False,False
4017,1011.7017543859649,298.9298245614035,72.2475,9.591056980763573,6.292397660818714,22647.0,False,False
4018,1008.1326530612245,604.1428571428571,41.405,7.260749503306075,6.857142857142857,22468.0,False,False
4019,1012.3011363636364,706.8579545454545,74.36000000000001,9.730266828124844,6.107954545454546,21185.0,False,False
4020,1009.0866141732283,727.8503937007874,53.657500000000006,8.265521814841879,6.637795275590551,20296.0,False,False
4021,1010.1269841269841,925.5952380952381,53.23500000000001,8.232916079007266,6.214285714285714,23072.0,False,False
4022,1008.223880597015,1155.4328358208954,28.307500000000005,6.003518003020447,9.432835820895523,32809.0,False,False
4023,1009.7802197802198,395.6703296703297,38.447500000000005,6.996633290104976,6.3076923076923075,19069.0,False,False
4024,1010.8947368421053,442.2368421052632,48.165000000000006,7.831065232276457,6.324561403508772,20871.0,False,False
4025,1010.3768115942029,1042.2463768115942,29.152500000000003,6.092463855279885,23.014492753623188,61721.0,False,True
4026,1012.0,936.8020833333334,40.56,7.186278309003779,8.09375,22673.0,False,False
4027,1013.4378698224853,250.15384615384616,71.4025,9.534803961957083,7.165680473372781,26537.0,False,False
4028,1012.439393939394,376.1666666666667,27.885,5.958547197508803,5.212121212121212,20428.0,False,False
4029,1013.9130434782609,517.572463768116,58.30500000000001,8.616045012404687,6.673913043478261,20150.0,False,False
4030,1013.9383561643835,620.7739726027397,61.68500000000001,8.86226727857993,6.575342465753424,21918.0,False,False
4031,1011.9038461538462,820.3461538461538,21.970000000000002,5.288957628666685,7.846153846153846,23056.0,False,False
4032,1014.8161764705883,216.5808823529412,57.46000000000001,8.553382035223404,10.727941176470589,28079.0,False,False
4033,1013.3368421052631,592.9894736842106,40.1375,7.148751795020415,6.631578947368421,22075.0,False,False
4034,1013.1375,1001.6125,33.800000000000004,6.560144557252417,8.3875,26357.0,False,False
4035,1015.5157894736842,288.82105263157894,40.1375,7.148751795020415,6.157894736842105,24136.0,False,False
4036,1014.7358490566038,791.2830188679245,44.785000000000004,7.5512934660867375,6.981132075471698,21281.0,False,False
4037,1016.8308457711443,839.0,84.92250000000001,10.39839820538586,7.756218905472637,22870.0,False,False
4038,1018.796178343949,233.80891719745222,66.33250000000001,9.190057785517194,11.146496815286625,28685.0,False,False
4039,1014.6037735849056,317.1320754716981,22.392500000000002,5.3395708165996005,6.962264150943396,23130.0,False,False
4040,1014.7115384615385,961.8461538461538,21.970000000000002,5.288957628666685,5.980769230769231,22124.0,False,False
4041,1016.1090909090909,80.23636363636363,23.2375,5.439384516724603,12.254545454545454,34413.0,False,False
4042,1015.6530612244898,487.46938775510205,20.7025,5.134125210284583,7.448979591836735,20133.0,False,False
4043,1016.3488372093024,539.453488372093,36.335,6.801702644040839,7.209302325581396,21124.0,False,False
4044,1017.5771144278607,739.9751243781094,84.92250000000001,10.39839820538586,5.895522388059701,19935.0,False,False
4045,1016.0925925925926,90.12962962962963,22.815,5.389708731752834,11.055555555555555,32222.0,False,False
4046,1017.2948717948718,278.0769230769231,32.955000000000005,6.477623730716943,8.512820512820513,25457.0,False,False
4047,1014.9705882352941,357.3235294117647,14.365000000000002,4.276691017611702,7.470588235294118,21967.0,False,False
4048,1016.4423076923077,450.7692307692308,21.970000000000002,5.288957628666685,6.4423076923076925,20682.0,False,False
4049,1017.6276595744681,1154.2659574468084,39.715,7.1110272478142695,9.47872340425532,32475.0,False,False
4050,1018.0,43.86486486486486,31.265000000000004,6.309345002941657,10.675675675675675,33162.0,False,False
4051,1019.609756097561,152.95934959349594,51.96750000000001,8.134314724734013,1.6422764227642277,19327.0,False,False
4052,1019.311475409836,368.0983606557377,51.545,8.101180922147954,6.327868852459017,22766.0,False,False
4053,1019.447619047619,1189.9619047619049,44.362500000000004,7.51558975086544,8.933333333333334,39458.0,False,False
4054,1021.983870967742,1239.3870967741937,78.58500000000001,10.002876067562408,12.887096774193548,46078.0,False,False
4055,1018.0925925925926,115.94444444444444,22.815,5.389708731752834,7.018518518518518,22498.0,False,False
4056,1019.21875,681.3645833333334,40.56,7.186278309003779,6.729166666666667,20427.0,False,False
4057,1018.6923076923077,810.9615384615385,21.970000000000002,5.288957628666685,6.326923076923077,22138.0,False,False
4058,1018.9577464788732,1228.8732394366198,29.997500000000002,6.180129710871209,16.239436619718308,51216.0,False,False
4059,1020.156626506024,384.1686746987952,35.0675,6.682015245043993,5.156626506024097,21005.0,False,False
4060,1020.7349397590361,406.06024096385545,35.0675,6.682015245043993,6.759036144578313,20656.0,False,False
4061,1019.1311475409836,458.59016393442624,25.7725,5.728399965669906,6.688524590163935,20596.0,False,False
4062,1022.4909090909091,766.2666666666667,69.7125,9.421290344870497,7.6,21065.0,False,False
4063,1020.4929577464789,875.3802816901408,29.997500000000002,6.180129710871209,8.901408450704226,23242.0,False,False
4064,1024.3439153439153,980.6137566137567,79.8525,10.0832217443615,6.920634920634921,21844.0,False,False
4065,1021.3831775700935,1003.7570093457944,45.2075,7.586829161027343,7.196261682242991,26594.0,False,False
4066,1021.7163120567376,1056.7517730496454,59.572500000000005,8.709194152086374,33.87234042553192,68956.0,False,True
4067,1026.556338028169,169.9788732394366,59.995000000000005,8.740023254338977,9.887323943661972,25419.0,False,False
4068,1021.265306122449,6.836734693877551,20.7025,5.134125210284583,5.26530612244898,18300.0,False,False
4069,1021.2916666666666,14.0625,20.28,5.081466123790367,10.166666666666666,22628.0,False,False
4070,1021.4126984126984,56.19047619047619,26.617500000000003,5.8215507884058,11.222222222222221,35365.0,False,False
4071,1026.9467455621302,192.11834319526628,71.4025,9.534803961957083,9.366863905325443,31082.0,False,False
4072,1023.7241379310345,529.7672413793103,49.010000000000005,7.8994601136704485,6.767241379310345,20912.0,False,False
4073,1027.3506493506493,1100.904761904762,97.59750000000001,11.147421067999991,12.965367965367966,37992.0,False,False
4074,1020.6,129.7,8.450000000000001,3.2800722786262084,0.05,16882.0,False,False
4075,1022.7826086956521,563.7246376811594,29.152500000000003,6.092463855279885,7.173913043478261,21973.0,False,False
4076,1024.203539823009,637.5398230088496,47.74250000000001,7.796642800880295,6.95575221238938,21201.0,False,False
4077,1023.2475247524752,849.2871287128713,42.67250000000001,7.371045683803026,8.316831683168317,23476.0,False,False
4078,1025.5629139072848,1082.1920529801325,63.79750000000001,9.01274097349089,16.3841059602649,57539.0,True,False
4079,1023.2444444444444,440.68888888888887,19.012500000000003,4.920108417939312,6.022222222222222,21026.0,False,False
4080,1024.75,624.64,42.25000000000001,7.3344645861208315,6.5,21276.0,False,False
4081,1029.014705882353,701.4264705882352,86.19000000000001,10.475710780692815,5.235294117647059,19926.0,False,False
4082,1027.6802325581396,1065.5697674418604,72.67,9.619060126431496,22.953488372093023,66506.0,True,True
4083,1026.531914893617,1.8085106382978724,19.8575,5.028255588131782,6.0,15319.0,False,False
4084,1027.2125984251968,111.25984251968504,53.657500000000006,8.265521814841879,4.267716535433071,23356.0,False,False
4085,1025.955357142857,716.9821428571429,47.32000000000001,7.762067717874401,6.571428571428571,19460.0,False,False
4086,1025.9344262295083,1146.6639344262296,51.545,8.101180922147954,9.80327868852459,30873.0,False,False
4087,1026.2444444444445,257.3333333333333,38.025000000000006,6.958084052995808,10.577777777777778,30130.0,False,False
4088,1025.7407407407406,506.0740740740741,22.815,5.389708731752834,6.37037037037037,19929.0,False,False
4089,1027.6545454545455,887.3636363636364,46.475,7.692451354514157,6.709090909090909,21503.0,False,False
4090,1025.920634920635,906.1111111111111,26.617500000000003,5.8215507884058,5.968253968253968,19980.0,False,False
4091,1026.948275862069,1016.5,24.505000000000003,5.58576181408903,8.5,31104.0,False,False
4092,1026.0227272727273,1219.3636363636363,18.590000000000003,4.865133414062422,21.795454545454547,46982.0,False,True
4093,1026.1351351351352,823.8108108108108,15.632500000000002,4.4613806364255035,8.378378378378379,21943.0,False,False
4094,1028.2151898734178,925.0,33.377500000000005,6.519014718835807,6.227848101265823,20700.0,False,False
4095,1028.0208333333333,1041.1666666666667,20.28,5.081466123790367,15.229166666666666,56358.0,False,False
4096,1028.5578947368422,1113.3578947368421,40.1375,7.148751795020415,9.389473684210527,31962.0,False,False
4097,1027.658536585366,1123.7926829268292,34.645,6.641640160935379,9.987804878048781,30806.0,False,False
4098,1026.9814814814815,36.925925925925924,22.815,5.389708731752834,9.685185185185185,32304.0,False,False
4099,1032.167701863354,218.70807453416148,68.02250000000001,9.306392261867519,9.453416149068323,31217.0,False,False
4100,1028.5046728971963,584.7663551401869,45.2075,7.586829161027343,6.065420560747664,21700.0,False,False
4101,1028.9125,916.525,33.800000000000004,6.560144557252417,6.2875,20144.0,False,False
4102,1028.3783783783783,1202.8918918918919,31.265000000000004,6.309345002941657,15.243243243243244,42032.0,False,False
4103,1030.159090909091,360.9318181818182,37.18000000000001,6.880337656921596,9.363636363636363,25915.0,False,False
4104,1033.0,754.170731707317,69.29,9.392697591996637,7.560975609756097,20594.0,False,True
4105,1030.3968253968253,67.5079365079365,26.617500000000003,5.8215507884058,10.253968253968255,36930.0,False,False
4106,1030.9782608695652,472.69565217391306,38.870000000000005,7.034971293747812,6.021739130434782,20899.0,False,True
4107,1031.4928571428572,678.05,59.150000000000006,8.67825553156191,6.271428571428571,20386.0,False,False
4108,1031.2197802197802,732.8241758241758,38.447500000000005,6.996633290104976,5.395604395604396,19731.0,False,False
4109,1031.5483870967741,489.98387096774195,26.195000000000004,5.775163190277621,5.241935483870968,20595.0,False,False
4110,1031.8507462686566,549.4925373134329,28.307500000000005,6.003518003020447,5.656716417910448,22435.0,False,False
4111,1032.1,777.6,16.900000000000002,4.638722701997206,7.0,21098.0,False,False
4112,1031.7291666666667,900.4583333333334,20.28,5.081466123790367,4.229166666666667,20313.0,False,False
4113,1033.4736842105262,962.4661654135339,56.1925,8.458517193783473,6.503759398496241,21338.0,False,True
4114,1032.9761904761904,811.3452380952381,35.49,6.722147829574334,5.464285714285714,21116.0,False,False
4115,1035.1908396946565,854.0916030534352,55.347500000000004,8.394678415652944,6.687022900763359,22353.0,False,False
4116,1032.6666666666667,293.1666666666667,12.675,4.017251701041172,11.766666666666667,28695.0,False,False
4117,1033.5272727272727,400.2909090909091,23.2375,5.439384516724603,6.672727272727273,24190.0,False,False
4118,1035.8582677165355,719.5433070866142,53.657500000000006,8.265521814841879,6.2047244094488185,19354.0,False,False
4119,1035.3384615384616,799.9384615384615,54.925000000000004,8.362576277354894,5.915384615384616,20419.0,False,False
4120,1034.1875,29.291666666666668,20.28,5.081466123790367,9.354166666666666,31090.0,False,False
4121,1038.5979381443299,185.37113402061857,40.9825,7.22360987610134,10.185567010309278,30974.0,False,False
4122,1036.7402597402597,591.3636363636364,32.532500000000006,6.4359665543799,5.818181818181818,21336.0,False,False
4123,1034.59375,839.171875,27.040000000000003,5.867571668896666,6.390625,22096.0,False,False
4124,1036.5675675675675,75.93693693693693,46.89750000000001,7.727337934192946,12.675675675675675,36874.0,False,False
4125,1038.3217391304347,87.56521739130434,48.587500000000006,7.8653370162898755,9.626086956521739,34352.0,False,False
4126,1037.3953488372092,426.5968992248062,54.502500000000005,8.33035043001963,7.75968992248062,24176.0,False,False
4127,1038.0,513.2301587301587,53.23500000000001,8.232916079007266,6.063492063492063,21603.0,False,False
4128,1035.7464788732395,557.0,29.997500000000002,6.180129710871209,8.014084507042254,22806.0,False,False
4129,1036.6346153846155,826.1442307692307,43.940000000000005,7.479715609277069,6.144230769230769,21183.0,False,False
4130,1040.3423423423424,869.5765765765766,93.79500000000002,10.928106107575758,6.941441441441442,21739.0,False,False
4131,1035.8172043010752,1021.5698924731183,39.292500000000004,7.073101498742004,9.494623655913978,33196.0,False,False
4132,1035.475,1217.55,16.900000000000002,4.638722701997206,20.725,43720.0,False,True
4133,1036.6,394.0,16.900000000000002,4.638722701997206,7.4,25539.0,False,False
4134,1037.1875,465.875,27.040000000000003,5.867571668896666,5.890625,21417.0,False,True
4135,1038.5977011494253,1092.6666666666667,36.7575,6.8411331346205175,12.25287356321839,44410.0,False,False
4136,1038.6538461538462,270.65384615384613,32.955000000000005,6.477623730716943,11.012820512820513,31644.0,False,False
4137,1038.3255813953488,409.69767441860466,18.1675,4.809530063215748,6.674418604651163,25502.0,False,False
4138,1038.5929203539822,643.1769911504425,47.74250000000001,7.796642800880295,6.1946902654867255,20608.0,False,False
4139,1037.1153846153845,702.1730769230769,21.970000000000002,5.288957628666685,7.115384615384615,19830.0,False,False
4140,1039.4272727272728,729.9636363636364,46.475,7.692451354514157,5.381818181818182,19863.0,False,False
4141,1037.4,905.1090909090909,23.2375,5.439384516724603,6.763636363636364,19725.0,False,False
4142,1038.8240740740741,932.9351851851852,45.63,7.622199185685551,6.425925925925926,20513.0,False,False
4143,1040.259493670886,1081.2911392405063,66.75500000000001,9.219279028687428,25.78481012658228,55682.0,False,True
4144,1037.6805555555557,1130.0555555555557,30.42,6.223499574262349,6.888888888888889,29954.0,False,False
4145,1038.4347826086957,1154.4927536231885,29.152500000000003,6.092463855279885,6.391304347826087,29653.0,False,False
4146,1038.1363636363637,1240.3863636363637,37.18000000000001,6.880337656921596,9.784090909090908,36991.0,False,False
4147,1038.9506172839506,58.72839506172839,34.222500000000004,6.601018127508749,11.246913580246913,37088.0,False,False
4148,1041.3402777777778,173.11805555555554,60.84,8.801357503344999,10.541666666666666,27481.0,False,False
4149,1040.9752066115702,1180.1570247933885,51.1225,8.067911044732915,8.900826446280991,32650.0,False,False
4150,1038.5,283.5,13.520000000000001,4.148999716174901,10.65625,30680.0,False,False
4151,1042.8671875,500.984375,54.080000000000005,8.297999432349801,6.6484375,22420.0,False,False
4152,1041.436170212766,1034.276595744681,39.715,7.1110272478142695,9.063829787234043,45628.0,False,False
4153,1041.3870967741937,1256.467741935484,26.195000000000004,5.775163190277621,11.209677419354838,21678.0,False,False
4154,1039.5862068965516,1115.7241379310344,12.252500000000001,3.9497300568352243,7.344827586206897,30998.0,False,False
4155,1040.8461538461538,344.2564102564103,16.477500000000003,4.5803716659648535,9.615384615384615,30547.0,False,False
4156,1042.7441860465117,1215.453488372093,36.335,6.801702644040839,11.604651162790697,40880.0,False,False
4157,1043.375,356.9431818181818,37.18000000000001,6.880337656921596,11.204545454545455,30506.0,False,False
4158,1042.109375,672.296875,27.040000000000003,5.867571668896666,6.3125,20275.0,False,False
4159,1043.2095238095237,895.6857142857143,44.362500000000004,7.51558975086544,4.580952380952381,19892.0,False,False
4160,1043.1818181818182,1100.2077922077922,32.532500000000006,6.4359665543799,12.376623376623376,37885.0,False,False
4161,1044.0545454545454,1228.1090909090908,23.2375,5.439384516724603,15.781818181818181,40150.0,False,False
4162,1049.4660633484164,751.9954751131222,93.3725,10.903465476204527,6.520361990950226,21076.0,False,False
4163,1046.8055555555557,1130.7916666666667,60.84,8.801357503344999,7.368055555555555,28296.0,False,False
4164,1045.5,48.16,21.125000000000004,5.186249645218625,12.82,35718.0,False,False
4165,1046.7674418604652,109.68604651162791,36.335,6.801702644040839,7.8604651162790695,27803.0,False,False
4166,1045.4137931034484,679.6379310344828,24.505000000000003,5.58576181408903,7.051724137931035,20239.0,False,False
4167,1045.0,852.6140350877193,24.082500000000003,5.537399329656889,6.456140350877193,22013.0,False,False
4168,1047.0602409638554,199.3855421686747,35.0675,6.682015245043993,9.686746987951807,31825.0,False,False
4169,1048.954954954955,732.5045045045046,46.89750000000001,7.727337934192946,6.198198198198198,20492.0,False,False
4170,1047.0454545454545,904.1060606060606,27.885,5.958547197508803,5.818181818181818,19444.0,False,False
4171,1048.111111111111,976.4814814814815,45.63,7.622199185685551,6.981481481481482,20780.0,False,False
4172,1047.625,100.4375,20.28,5.081466123790367,7.708333333333333,32218.0,False,False
4173,1051.3672316384182,490.97740112994353,74.78250000000001,9.75787047742269,6.903954802259887,24872.0,False,False
4174,1048.3163265306123,602.6224489795918,41.405,7.260749503306075,6.969387755102041,20829.0,False,False
4175,1048.1772151898733,715.6582278481013,33.377500000000005,6.519014718835807,6.544303797468355,19784.0,False,False
4176,1047.718309859155,1090.0704225352113,29.997500000000002,6.180129710871209,11.422535211267606,44380.0,False,False
4177,1048.375,157.45,50.7,8.034503402082343,9.391666666666667,25285.0,False,False
4178,1049.728971962617,261.2710280373832,45.2075,7.586829161027343,10.149532710280374,33290.0,False,False
4179,1049.90099009901,638.2871287128713,42.67250000000001,7.371045683803026,5.742574257425742,20426.0,False,False
4180,1050.64,912.224,52.81250000000001,8.200180696565521,5.968,19152.0,False,False
4181,1050.5,960.0344827586207,49.010000000000005,7.8994601136704485,5.603448275862069,20863.0,False,False
4182,1049.7413793103449,456.7155172413793,49.010000000000005,7.8994601136704485,6.5,25337.0,False,False
4183,1049.3777777777777,528.4222222222222,19.012500000000003,4.920108417939312,7.044444444444444,24672.0,False,False
4184,1051.5882352941176,627.7310924369748,50.2775,8.000956268498294,6.53781512605042,20190.0,False,False
4185,1051.4495412844037,941.348623853211,46.0525,7.6574058357851245,6.385321100917431,20311.0,False,False
4186,1050.6868686868686,1013.020202020202,41.82750000000001,7.297700121093632,8.353535353535353,26040.0,False,False
4187,1049.6506024096386,1077.3253012048192,35.0675,6.682015245043993,27.313253012048193,52222.0,False,True
4188,1050.4545454545455,339.84090909090907,18.590000000000003,4.865133414062422,12.886363636363637,32654.0,False,False
4189,1051.8314606741574,837.438202247191,37.602500000000006,6.919320051920128,6.876404494382022,20959.0,False,False
4190,1052.5583333333334,1148.1,50.7,8.034503402082343,9.808333333333334,28004.0,False,False
4191,1052.9113924050632,285.43037974683546,33.377500000000005,6.519014718835807,8.405063291139241,32845.0,False,False
4192,1053.1315789473683,701.2368421052631,48.165000000000006,7.831065232276457,6.421052631578948,20209.0,False,False
4193,1051.6190476190477,1215.595238095238,17.745,4.753276314430444,8.857142857142858,38254.0,False,True
4194,1053.775,1254.925,33.800000000000004,6.560144557252417,11.825,20963.0,False,False
4195,1052.2682926829268,296.0975609756098,17.3225,4.696348795998318,9.487804878048781,32520.0,False,False
4196,1052.6140350877192,851.2982456140351,24.082500000000003,5.537399329656889,7.280701754385965,21351.0,False,False
4197,1053.575,48.125,16.900000000000002,4.638722701997206,14.05,36175.0,False,False
4198,1053.2542372881355,234.8135593220339,24.927500000000002,5.633709146857493,9.661016949152541,33390.0,False,False
4199,1055.0119047619048,545.1904761904761,35.49,6.722147829574334,7.190476190476191,27147.0,False,False
4200,1055.621212121212,266.8333333333333,27.885,5.958547197508803,9.712121212121213,33858.0,False,False
4201,1055.2990654205607,513.6728971962617,45.2075,7.586829161027343,8.429906542056075,26332.0,False,False
4202,1059.8305084745762,551.2429378531074,74.78250000000001,9.75787047742269,7.864406779661017,28450.0,False,False
4203,1057.3145161290322,891.8387096774194,52.39000000000001,8.167314108608483,6.419354838709677,19647.0,False,False
4204,1057.6565656565656,444.95959595959596,41.82750000000001,7.297700121093632,8.414141414141413,28601.0,False,False
4205,1058.3987341772151,1111.9810126582279,66.75500000000001,9.219279028687428,8.683544303797468,28465.0,False,False
4206,1056.5,306.82,21.125000000000004,5.186249645218625,9.04,32807.0,False,False
4207,1057.2676056338028,330.8169014084507,29.997500000000002,6.180129710871209,11.774647887323944,33225.0,False,False
4208,1059.9529411764706,1189.9117647058824,71.825,9.562971834142516,9.511764705882353,32774.0,False,False
4209,1056.5,130.5,12.675,4.017251701041172,13.366666666666667,27531.0,False,False
4210,1056.275,780.375,16.900000000000002,4.638722701997206,6.75,21025.0,False,False
4211,1059.2096774193549,1048.8064516129032,52.39000000000001,8.167314108608483,16.0,46767.0,False,False
4212,1060.35,472.525,33.800000000000004,6.560144557252417,7.875,28637.0,False,False
4213,1061.6666666666667,584.6344086021505,39.292500000000004,7.073101498742004,6.623655913978495,24788.0,False,False
4214,1060.64,689.7866666666666,63.37500000000001,8.982847886254723,6.78,20619.0,False,False
4215,1062.6413502109704,756.9620253164557,100.13250000000001,11.291264708312957,8.662447257383967,21429.0,False,False
4216,1061.1454545454546,1158.909090909091,46.475,7.692451354514157,7.881818181818182,28635.0,False,False
4217,1058.6379310344828,1168.5,24.505000000000003,5.58576181408903,6.5,30025.0,False,False
4218,1060.632183908046,217.67816091954023,36.7575,6.8411331346205175,9.471264367816092,32754.0,False,False
4219,1060.0632911392406,248.50632911392404,33.377500000000005,6.519014718835807,10.265822784810126,34352.0,False,False
4220,1060.8,875.1217391304348,48.587500000000006,7.8653370162898755,7.608695652173913,20624.0,False,False
4221,1061.2164948453608,1033.2577319587629,40.9825,7.22360987610134,10.381443298969073,33952.0,False,False
4222,1059.4827586206898,1224.7758620689656,24.505000000000003,5.58576181408903,9.96551724137931,34544.0,False,False
4223,1059.6904761904761,82.21428571428571,17.745,4.753276314430444,14.095238095238095,37562.0,False,False
4224,1061.3963963963963,151.48648648648648,46.89750000000001,7.727337934192946,12.73873873873874,30942.0,False,False
4225,1061.1451612903227,576.0,26.195000000000004,5.775163190277621,7.306451612903226,25679.0,False,False
4226,1062.1,594.7666666666667,38.025000000000006,6.958084052995808,6.7444444444444445,23474.0,False,False
4227,1061.5245901639344,958.7540983606557,25.7725,5.728399965669906,6.065573770491803,20807.0,False,False
4228,1062.6220472440946,1020.6535433070866,53.657500000000006,8.265521814841879,6.425196850393701,27387.0,False,False
4229,1059.8260869565217,362.4347826086956,9.717500000000001,3.517485646873906,11.217391304347826,34061.0,False,False
4230,1060.5,458.5,16.900000000000002,4.638722701997206,8.575,28969.0,False,False
4231,1063.1166666666666,296.01666666666665,25.35,5.681251839078812,10.633333333333333,33248.0,False,False
4232,1063.8552631578948,481.5394736842105,32.11000000000001,6.394037987175715,7.7105263157894735,29313.0,False,False
4233,1063.7037037037037,708.4074074074074,34.222500000000004,6.601018127508749,7.197530864197531,20384.0,False,False
4234,1064.6694214876034,796.9338842975206,51.1225,8.067911044732915,5.87603305785124,19403.0,False,False
4235,1062.9041095890411,811.1232876712329,30.842500000000005,6.266569289371519,6.506849315068493,19631.0,False,False
4236,1061.9268292682927,998.4878048780488,17.3225,4.696348795998318,6.682926829268292,22505.0,False,False
4237,1063.051282051282,1134.4615384615386,32.955000000000005,6.477623730716943,11.205128205128204,27561.0,False,False
4238,1063.2708333333333,1210.8020833333333,40.56,7.186278309003779,8.0625,33898.0,False,False
4239,1063.5333333333333,123.56666666666666,25.35,5.681251839078812,12.583333333333334,30969.0,False,False
4240,1063.651851851852,175.7111111111111,57.03750000000001,8.521877758618217,10.244444444444444,34091.0,False,False
4241,1062.95,316.925,16.900000000000002,4.638722701997206,12.55,33686.0,False,False
4242,1065.4166666666667,935.7666666666667,25.35,5.681251839078812,7.3,19070.0,False,False
4243,1067.375,1170.9027777777778,60.84,8.801357503344999,7.722222222222222,28483.0,False,False
4244,1064.090909090909,1232.0454545454545,18.590000000000003,4.865133414062422,11.454545454545455,31539.0,False,False
4245,1067.676923076923,605.5769230769231,54.925000000000004,8.362576277354894,6.184615384615385,20984.0,False,False
4246,1066.8309859154929,887.2253521126761,29.997500000000002,6.180129710871209,6.619718309859155,18716.0,False,False
4247,1067.148514851485,902.059405940594,42.67250000000001,7.371045683803026,6.099009900990099,18206.0,False,False
4248,1065.3333333333333,946.1282051282051,16.477500000000003,4.5803716659648535,7.0256410256410255,19714.0,False,False
4249,1066.32,132.4,21.125000000000004,5.186249645218625,14.48,30914.0,False,False
4250,1066.8163265306123,461.3265306122449,20.7025,5.134125210284583,11.061224489795919,29191.0,False,False
4251,1068.8643216080402,631.1708542713568,84.07750000000001,10.346535546861599,5.969849246231155,18528.0,False,False
4252,1070.3019801980197,651.960396039604,85.34500000000001,10.424232774905905,6.7227722772277225,18046.0,False,False
4253,1067.338028169014,241.67605633802816,29.997500000000002,6.180129710871209,10.464788732394366,32126.0,False,False
4254,1066.8541666666667,533.7083333333334,20.28,5.081466123790367,10.75,28505.0,False,False
4255,1069.8229166666667,971.46875,40.56,7.186278309003779,6.84375,18811.0,False,False
4256,1068.0972222222222,1093.8333333333333,30.42,6.223499574262349,6.583333333333333,30727.0,False,False
4257,1071.080808080808,50.07070707070707,41.82750000000001,7.297700121093632,13.171717171717171,33375.0,False,False
4258,1069.4,515.8421052631579,40.1375,7.148751795020415,10.263157894736842,27943.0,False,False
4259,1070.699481865285,741.0777202072538,81.5425,10.18936384552868,6.0932642487046635,19180.0,False,False
4260,1071.1358024691358,210.17283950617283,34.222500000000004,6.601018127508749,13.012345679012345,30022.0,False,False
4261,1068.921052631579,414.05263157894734,16.055000000000003,4.5212676198963315,11.789473684210526,31025.0,False,False
4262,1070.5,838.9897959183673,41.405,7.260749503306075,6.1020408163265305,18678.0,False,False
4263,1071.48,998.24,31.687500000000004,6.351832654737959,4.573333333333333,20260.0,False,False
4264,1071.388888888889,1017.5555555555555,38.025000000000006,6.958084052995808,8.277777777777779,23277.0,False,False
4265,1070.75,232.3,25.35,5.681251839078812,11.033333333333333,30237.0,False,False
4266,1072.1866666666667,253.6,31.687500000000004,6.351832654737959,10.413333333333334,30566.0,False,False
4267,1070.6461538461538,267.04615384615386,27.462500000000002,5.913234393907399,12.246153846153845,30972.0,False,False
4268,1072.0277777777778,1225.9537037037037,45.63,7.622199185685551,8.018518518518519,27957.0,False,False
4269,1070.5,15.5,17.745,4.753276314430444,10.428571428571429,22764.0,False,False
4270,1071.2708333333333,316.4375,20.28,5.081466123790367,10.916666666666666,30586.0,False,False
4271,1070.6410256410256,818.5384615384615,16.477500000000003,4.5803716659648535,6.923076923076923,17885.0,False,False
4272,1072.5735294117646,1181.5294117647059,28.730000000000004,6.048154439185661,10.985294117647058,26962.0,False,False
4273,1073.1333333333334,67.68333333333334,25.35,5.681251839078812,11.316666666666666,34106.0,False,False
4274,1072.433962264151,432.9811320754717,22.392500000000002,5.3395708165996005,11.547169811320755,29179.0,False,False
4275,1071.7894736842106,446.89473684210526,16.055000000000003,4.5212676198963315,10.5,28538.0,False,False
4276,1074.012987012987,708.1168831168832,32.532500000000006,6.4359665543799,7.181818181818182,17457.0,False,False
4277,1073.2551020408164,159.85714285714286,41.405,7.260749503306075,14.66326530612245,30837.0,False,False
4278,1072.3902439024391,304.2682926829268,17.3225,4.696348795998318,9.804878048780488,29591.0,False,False
4279,1074.6133333333332,490.5466666666667,31.687500000000004,6.351832654737959,14.093333333333334,26780.0,False,False
4280,1075.4692307692308,763.8692307692307,54.925000000000004,8.362576277354894,6.061538461538461,17503.0,False,False
4281,1074.3960396039604,954.5445544554456,42.67250000000001,7.371045683803026,6.326732673267327,17408.0,False,False
4282,1076.922480620155,1243.6356589147288,54.502500000000005,8.33035043001963,9.689922480620154,20559.0,False,False
4283,1075.6494845360826,1044.5670103092784,40.9825,7.22360987610134,10.154639175257731,28037.0,False,False
4284,1076.4558823529412,238.41176470588235,28.730000000000004,6.048154439185661,11.147058823529411,27606.0,False,False
4285,1074.5102040816328,290.265306122449,20.7025,5.134125210284583,12.306122448979592,28147.0,False,False
4286,1075.2916666666667,552.375,20.28,5.081466123790367,11.104166666666666,25815.0,False,False
4287,1076.91452991453,879.991452991453,49.432500000000005,7.933436443000028,6.153846153846154,15989.0,False,False
4288,1078.3827160493827,1004.7530864197531,34.222500000000004,6.601018127508749,8.555555555555555,18123.0,False,False
4289,1075.6478873239437,1196.9154929577464,29.997500000000002,6.180129710871209,11.126760563380282,25836.0,False,False
4290,1075.9655172413793,75.53448275862068,24.505000000000003,5.58576181408903,11.482758620689655,31943.0,False,False
4291,1076.9642857142858,1122.5357142857142,35.49,6.722147829574334,8.892857142857142,22057.0,False,False
4292,1077.6458333333333,1176.3125,20.28,5.081466123790367,10.333333333333334,23858.0,False,False
4293,1079.3986486486488,625.8851351351351,62.53000000000001,8.922761272851007,5.22972972972973,15697.0,False,False
4294,1077.6382978723404,843.4893617021277,19.8575,5.028255588131782,6.787234042553192,16248.0,False,False
4295,1079.0185185185185,863.2222222222222,45.63,7.622199185685551,6.666666666666667,15685.0,False,False
4296,1078.7083333333333,1032.2291666666667,40.56,7.186278309003779,11.770833333333334,22228.0,False,False
4297,1077.5,1101.8333333333333,25.35,5.681251839078812,7.716666666666667,21257.0,False,False
4298,1077.867469879518,1151.0722891566265,35.0675,6.682015245043993,7.843373493975903,22564.0,False,False
4299,1077.3142857142857,58.628571428571426,14.787500000000001,4.339127765780955,12.6,30183.0,False,False
4300,1081.2359550561798,202.26966292134833,37.602500000000006,6.919320051920128,11.292134831460674,25003.0,False,False
4301,1078.7395833333333,527.6875,40.56,7.186278309003779,13.364583333333334,24728.0,False,False
4302,1081.2407407407406,1108.4537037037037,45.63,7.622199185685551,7.888888888888889,18736.0,False,False
4303,1079.3488372093022,1139.406976744186,36.335,6.801702644040839,7.976744186046512,21691.0,False,False
4304,1079.2083333333333,581.5,20.28,5.081466123790367,9.583333333333334,20994.0,False,False
4305,1080.4130434782608,990.9239130434783,38.870000000000005,7.034971293747812,5.869565217391305,16323.0,False,False
4306,1085.456043956044,1070.1923076923076,76.89500000000001,9.894733689817546,10.576923076923077,19057.0,False,False
4307,1081.3507462686566,675.5298507462686,56.61500000000001,8.490256581822557,7.268656716417911,14691.0,False,False
4308,1081.48,930.0,42.25000000000001,7.3344645861208315,6.8,13834.0,False,False
4309,1081.290909090909,106.0,23.2375,5.439384516724603,9.927272727272728,25989.0,False,False
4310,1081.15,323.125,16.900000000000002,4.638722701997206,11.275,24788.0,False,False
4311,1080.142857142857,375.07142857142856,11.830000000000002,3.8810338589372004,11.964285714285714,25461.0,False,False
4312,1080.969696969697,428.09090909090907,13.9425,4.2133291293785735,10.545454545454545,25528.0,False,False
4313,1081.298245614035,560.719298245614,24.082500000000003,5.537399329656889,11.526315789473685,22591.0,False,False
4314,1081.723404255319,1165.872340425532,19.8575,5.028255588131782,9.638297872340425,20801.0,False,False
4315,1084.2884615384614,816.3076923076923,43.940000000000005,7.479715609277069,5.798076923076923,12750.0,False,False
4316,1082.7666666666667,967.4333333333333,12.675,4.017251701041172,9.033333333333333,14371.0,False,False
4317,1082.7592592592594,1014.4814814814815,22.815,5.389708731752834,7.851851851851852,16990.0,False,False
4318,1082.734375,118.140625,27.040000000000003,5.867571668896666,10.125,24770.0,False,False
4319,1085.642857142857,619.7142857142857,41.405,7.260749503306075,6.571428571428571,13703.0,False,False
4320,1084.3625,735.675,33.800000000000004,6.560144557252417,6.45,14218.0,False,False
4321,1082.6363636363637,778.5681818181819,18.590000000000003,4.865133414062422,5.454545454545454,14336.0,False,False
4322,1083.7272727272727,1040.5454545454545,18.590000000000003,4.865133414062422,10.068181818181818,20349.0,False,False
4323,1084.6941176470589,1250.870588235294,35.9125,6.762042232218129,13.623529411764705,13965.0,False,False
4324,1085.469135802469,216.91358024691357,34.222500000000004,6.601018127508749,10.864197530864198,21941.0,False,False
4325,1087.1855670103093,634.6288659793814,40.9825,7.22360987610134,5.855670103092783,12088.0,False,False
4326,1083.7761194029852,765.9253731343283,28.307500000000005,6.003518003020447,7.82089552238806,14374.0,False,False
4327,1086.0,1049.0625,47.32000000000001,7.762067717874401,8.428571428571429,20263.0,False,False
4328,1085.65,1121.75,25.35,5.681251839078812,10.25,17130.0,False,False
4329,1085.9864864864865,1134.8783783783783,31.265000000000004,6.309345002941657,11.716216216216216,17766.0,False,False
4330,1085.7471264367816,1225.4827586206898,36.7575,6.8411331346205175,9.32183908045977,19446.0,False,False
4331,1086.0428571428572,191.55714285714285,29.575000000000003,6.136453335237093,14.557142857142857,22305.0,False,False
4332,1084.4444444444443,436.4074074074074,11.4075,3.8110995928427753,11.814814814814815,23109.0,False,False
4333,1086.2278481012659,694.9873417721519,33.377500000000005,6.519014718835807,6.151898734177215,13203.0,False,False
4334,1086.2307692307693,882.6461538461539,27.462500000000002,5.913234393907399,6.2615384615384615,12131.0,False,False
4335,1086.3970588235295,269.72058823529414,28.730000000000004,6.048154439185661,12.911764705882353,22108.0,False,False
4336,1087.3939393939395,905.7878787878788,27.885,5.958547197508803,4.863636363636363,11341.0,False,False
4337,1087.0714285714287,938.4464285714286,23.660000000000004,5.488610719338178,6.142857142857143,12082.0,False,False
4338,1086.4358974358975,304.6923076923077,16.477500000000003,4.5803716659648535,11.256410256410257,21146.0,False,False
4339,1088.1666666666667,509.42857142857144,17.745,4.753276314430444,4.261904761904762,20221.0,False,False
4340,1088.4444444444443,759.320987654321,34.222500000000004,6.601018127508749,7.407407407407407,12238.0,False,False
4341,1088.0212765957447,806.2872340425532,39.715,7.1110272478142695,6.25531914893617,11152.0,False,False
4342,1087.6976744186047,950.6860465116279,36.335,6.801702644040839,5.941860465116279,12201.0,False,False
4343,1088.103448275862,1004.6896551724138,24.505000000000003,5.58576181408903,7.706896551724138,13462.0,False,False
4344,1088.1025641025642,1240.4102564102564,16.477500000000003,4.5803716659648535,9.282051282051283,15534.0,False,False
4345,1088.62,227.2,21.125000000000004,5.186249645218625,10.2,19970.0,False,False
4346,1088.875,781.45,16.900000000000002,4.638722701997206,6.025,11382.0,False,False
4347,1089.25,83.3409090909091,18.590000000000003,4.865133414062422,9.522727272727273,20272.0,False,False
4348,1089.7368421052631,574.3684210526316,8.027500000000002,3.1970189935878577,13.421052631578947,17147.0,False,False
4349,1090.095238095238,600.3333333333334,8.8725,3.361073914787167,12.333333333333334,13448.0,False,False
