label,centroid_y,centroid_x,area_um2,diameter_um,wfa_sum_intensity,wfa_mean_intensity,wfa_pericellular_intensity,wfa_intensity_norm,wfa_pericellular_norm,pv_intensity_norm,is_pnn_plus,is_pv_plus,pv_label,cell_type,pv_area_um2,pv_diameter_um,pnn_area_um2,pnn_diameter_um,score,is_in_roi,roi_region
1,504,348,296.31705237,19.42376350908454,8951.0,23.99731903485255,24.096774193548388,1.5104923453606098,1.5167524719896932,1.1666400451197998,True,False,-1,PV-/PNN+,0.0,0.0,296.31705237,19.42376350908454,0.7478643655776978,False,NONE
2,492,499,296.31705237,19.42376350908454,9860.0,26.4343163538874,23.153225806451612,1.6638872221266465,1.457361561941904,1.1658031440831287,True,False,-1,PV-/PNN+,0.0,0.0,296.31705237,19.42376350908454,-0.6973297595977783,False,NONE
3,525,289,296.31705237,19.42376350908454,9089.0,24.367292225201073,20.919354838709676,1.5337800164208002,1.3167523133672236,1.1088938735894798,True,False,-1,PV-/PNN+,0.0,0.0,296.31705237,19.42376350908454,-0.38551419973373413,False,NONE
4,518,1032,296.31705237,19.42376350908454,16824.0,45.10455764075067,30.0,2.839070854468428,1.8883263707502205,1.1741721544498418,True,False,-1,PV-/PNN+,0.0,0.0,296.31705237,19.42376350908454,1.174622654914856,True,C
5,446,664,296.31705237,19.42376350908454,7899.0,21.176943699731904,15.846774193548388,1.3329660413365498,0.9974627200333827,1.114752180846179,True,False,-1,PV-/PNN+,0.0,0.0,296.31705237,19.42376350908454,0.49337512254714966,False,NONE
6,512,884,296.31705237,19.42376350908454,10837.0,29.053619302949063,20.080645161290324,1.8287571831832117,1.2639603933247445,1.1666400451197998,True,False,-1,PV-/PNN+,0.0,0.0,296.31705237,19.42376350908454,0.30118027329444885,True,C
7,372,1147,296.31705237,19.42376350908454,7960.0,21.34048257372654,17.43548387096774,1.3432598669501121,1.0974627993446173,1.1942577793299531,True,False,-1,PV-/PNN+,0.0,0.0,296.31705237,19.42376350908454,-0.7982722520828247,False,NONE
8,499,1138,296.31705237,19.42376350908454,13562.0,36.35924932975871,33.33870967741935,2.2886043110021883,2.0984788216885515,1.4712720224681552,True,False,-1,PV-/PNN+,0.0,0.0,296.31705237,19.42376350908454,0.0008975230157375336,True,C
9,446,1699,296.31705237,19.42376350908454,32723.0,87.72922252010724,71.41935483870968,5.522046812337754,4.495435037463428,1.0745809310859564,True,False,-1,PV-/PNN+,0.0,0.0,296.31705237,19.42376350908454,2.257802724838257,True,C
10,513,1457,296.31705237,19.42376350908454,42389.0,113.64343163538874,85.95161290322581,7.15319629398848,5.4101565751225404,1.2729264767770558,True,False,-1,PV-/PNN+,0.0,0.0,296.31705237,19.42376350908454,1.761529564857483,True,C
11,398,1274,296.31705237,19.42376350908454,13335.0,35.75067024128686,28.524193548387096,2.250297779620571,1.7954328960600885,1.260372961226986,True,False,-1,PV-/PNN+,0.0,0.0,296.31705237,19.42376350908454,1.1749571561813354,False,NONE
12,445,1289,296.31705237,19.42376350908454,19154.0,51.35120643431635,41.806451612903224,3.232261242658599,2.631474168271275,1.5959702769321795,True,False,-1,PV-/PNN+,0.0,0.0,296.31705237,19.42376350908454,1.7400882244110107,True,C
13,397,1662,296.31705237,19.42376350908454,24056.0,64.49329758713137,56.29032258064516,4.059479819014057,3.543150018235629,1.2620467633003287,True,False,-1,PV-/PNN+,0.0,0.0,296.31705237,19.42376350908454,1.7540881633758545,True,C
14,531,1405,296.31705237,19.42376350908454,46225.0,123.92761394101876,89.79032258064517,7.8005260489659465,5.651781132240042,1.0218561657756642,True,False,-1,PV-/PNN+,0.0,0.0,296.31705237,19.42376350908454,2.125182867050171,True,C
15,253,1681,296.31705237,19.42376350908454,15418.0,41.33512064343164,32.16935483870968,2.6018066116377927,2.0248747023985563,1.1440437171296747,True,False,-1,PV-/PNN+,0.0,0.0,296.31705237,19.42376350908454,0.7189950346946716,False,NONE
16,550,1558,296.31705237,19.42376350908454,42508.0,113.96246648793566,84.87903225806451,7.173277691496906,5.342643831222062,1.2059743938433514,True,False,-1,PV-/PNN+,0.0,0.0,296.31705237,19.42376350908454,0.9515385031700134,True,C
17,571,1621,296.31705237,19.42376350908454,34511.0,92.52278820375335,72.76612903225806,5.823774028682829,4.580206678300871,1.1080569725528087,True,False,-1,PV-/PNN+,0.0,0.0,296.31705237,19.42376350908454,1.4137409925460815,True,C
18,473,1537,296.31705237,19.42376350908454,33139.0,88.84450402144772,69.50806451612904,5.592247327997458,4.375130373520471,1.2695788726303705,True,False,-1,PV-/PNN+,0.0,0.0,296.31705237,19.42376350908454,1.295528769493103,True,C
19,484,1493,296.31705237,19.42376350908454,32760.0,87.828418230563,60.41935483870968,5.528290608201718,3.8030487015216807,1.164129342009786,True,False,-1,PV-/PNN+,0.0,0.0,296.31705237,19.42376350908454,0.9609700441360474,True,C
20,574,1505,296.31705237,19.42376350908454,31756.0,85.1367292225201,67.61290322580645,5.3588643636768545,4.255840938809099,1.1658031440831287,True,False,-1,PV-/PNN+,0.0,0.0,296.31705237,19.42376350908454,0.41095682978630066,True,C
21,505,1352,296.31705237,19.42376350908454,30115.0,80.7372654155496,61.66129032258065,5.081943579548069,3.8812213523538137,1.262883664337,True,False,-1,PV-/PNN+,0.0,0.0,296.31705237,19.42376350908454,0.9127722382545471,True,C
22,556,1476,296.31705237,19.42376350908454,40062.0,107.40482573726541,75.16935483870968,6.760512159517009,4.731475833807206,1.1808673627432122,True,False,-1,PV-/PNN+,0.0,0.0,296.31705237,19.42376350908454,0.6798564195632935,True,C
23,449,1431,296.31705237,19.42376350908454,17740.0,47.56032171581769,33.57258064516129,2.9936469899114306,2.1131996455465503,1.3407154607474314,True,False,-1,PV-/PNN+,0.0,0.0,296.31705237,19.42376350908454,0.9290403723716736,True,C
24,556,1376,296.31705237,19.42376350908454,30446.0,81.62466487935657,64.58064516129032,5.137800239844613,4.0649778432709045,1.216017206283407,True,False,-1,PV-/PNN+,0.0,0.0,296.31705237,19.42376350908454,0.2510942816734314,True,C
25,571,1682,296.31705237,19.42376350908454,34620.0,92.81501340482573,62.37096774193548,5.842167913795588,3.9258914385436032,1.1197735870662069,True,False,-1,PV-/PNN+,0.0,0.0,296.31705237,19.42376350908454,0.9857503175735474,True,C
26,534,1259,296.31705237,19.42376350908454,20460.0,54.85254691689008,45.403225806451616,3.4526503615325743,2.8578702869149843,1.2863168933637967,True,False,-1,PV-/PNN+,0.0,0.0,296.31705237,19.42376350908454,-0.25987574458122253,True,C
27,383,1602,296.31705237,19.42376350908454,11821.0,31.691689008042896,21.693548387096776,1.9948084029167432,1.3654833164833584,1.2670681695203565,True,False,-1,PV-/PNN+,0.0,0.0,296.31705237,19.42376350908454,-0.11758041381835938,True,C
28,269,1485,296.31705237,19.42376350908454,6375.0,17.091152815013405,18.677419354838708,1.075789152237056,1.17563545017675,1.3783760073976403,True,False,-1,PV-/PNN+,0.0,0.0,296.31705237,19.42376350908454,-0.5711615085601807,False,NONE
29,480,1689,296.31705237,19.42376350908454,26567.0,71.22520107238606,66.83064516129032,4.483214181565782,4.206602321077171,1.0260406709590206,True,False,-1,PV-/PNN+,0.0,0.0,296.31705237,19.42376350908454,1.1366389989852905,True,C
30,359,1526,296.31705237,19.42376350908454,12312.0,33.00804289544236,29.741935483870968,2.077665261543942,1.8720827030448421,1.277110981960412,True,False,-1,PV-/PNN+,0.0,0.0,296.31705237,19.42376350908454,0.18605156242847443,False,NONE
31,441,1538,296.31705237,19.42376350908454,17705.0,47.466487935656836,34.983870967741936,2.9877406965266,2.202032203310338,1.4202210592312055,True,False,-1,PV-/PNN+,0.0,0.0,296.31705237,19.42376350908454,-0.2547784745693207,True,C
32,282,1661,296.31705237,19.42376350908454,9571.0,25.65951742627346,18.483870967741936,1.6151181138919,1.1634526993977166,1.043615592729118,True,False,-1,PV-/PNN+,0.0,0.0,296.31705237,19.42376350908454,-1.2743996381759644,False,NONE
33,557,1526,296.31705237,19.42376350908454,26223.0,70.3029490616622,46.86290322580645,4.425163755154873,2.9497485323735297,1.2720895757403845,True,False,-1,PV-/PNN+,0.0,0.0,296.31705237,19.42376350908454,-0.37155553698539734,True,C
34,423,1396,296.31705237,19.42376350908454,10809.0,28.978552278820377,23.741935483870968,1.824032148475347,1.4944174288947982,1.48717314216491,True,False,-1,PV-/PNN+,0.0,0.0,296.31705237,19.42376350908454,-0.6260384321212769,True,C
35,331,1496,296.31705237,19.42376350908454,7584.0,20.33243967828418,17.032258064516128,1.2798094008730716,1.072082068554964,1.2143434042100645,True,False,-1,PV-/PNN+,0.0,0.0,296.31705237,19.42376350908454,-1.6186569929122925,False,NONE
36,493,1891,296.31705237,19.42376350908454,52351.0,140.35120643431637,103.84677419354838,8.83429614255092,6.536553407567363,1.0318989782157197,True,False,-1,PV-/PNN+,0.0,0.0,296.31705237,19.42376350908454,1.849139928817749,True,B
37,527,2119,296.31705237,19.42376350908454,21956.0,58.86327077747989,37.00806451612903,3.7051022159242035,2.329443471874398,1.2712526747037132,True,False,-1,PV-/PNN+,0.0,0.0,296.31705237,19.42376350908454,1.4511113166809082,True,B
38,516,2054,296.31705237,19.42376350908454,28722.0,77.00268096514745,53.25806451612903,4.846873102831799,3.3522869226974343,1.1817042637798834,True,False,-1,PV-/PNN+,0.0,0.0,296.31705237,19.42376350908454,1.7140401601791382,True,B
39,377,2174,296.31705237,19.42376350908454,12192.0,32.68632707774799,22.508064516129032,2.0574151127959506,1.4167523926784584,1.2704157736670416,True,False,-1,PV-/PNN+,0.0,0.0,296.31705237,19.42376350908454,-0.00819266214966774,True,B
40,405,2109,296.31705237,19.42376350908454,12698.0,34.042895442359246,24.89516129032258,2.1428032400166486,1.567006318953207,1.3005442109872087,True,False,-1,PV-/PNN+,0.0,0.0,296.31705237,19.42376350908454,-0.3106689751148224,True,B
41,445,2043,296.31705237,19.42376350908454,17872.0,47.9142091152815,36.45967741935484,3.0159221535342216,2.2949256780004696,1.1114045766994938,True,False,-1,PV-/PNN+,0.0,0.0,296.31705237,19.42376350908454,0.06397207081317902,True,B
42,381,1956,296.31705237,19.42376350908454,12724.0,34.11260053619303,26.201612903225808,2.1471907722453802,1.6492398867116846,1.2402873363468747,True,False,-1,PV-/PNN+,0.0,0.0,296.31705237,19.42376350908454,0.22807803750038147,True,B
43,461,2146,296.31705237,19.42376350908454,11300.0,30.29490616621984,23.56451612903226,1.9068890071025462,1.4832499073473506,1.375028403250955,True,False,-1,PV-/PNN+,0.0,0.0,296.31705237,19.42376350908454,-0.2727004289627075,True,B
44,423,2022,296.31705237,19.42376350908454,12370.0,33.16353887399464,26.35483870967742,2.087452833438805,1.658884564411753,1.1172628839561929,True,False,-1,PV-/PNN+,0.0,0.0,296.31705237,19.42376350908454,0.6568748354911804,True,B
45,373,2133,296.31705237,19.42376350908454,9554.0,25.613941018766756,20.572580645161292,1.6122493428192677,1.2949248848881216,1.221875513540106,True,False,-1,PV-/PNN+,0.0,0.0,296.31705237,19.42376350908454,-0.10952554643154144,True,B
46,455,1852,296.31705237,19.42376350908454,21983.0,58.93565683646113,40.766129032258064,3.709658499392502,2.565991882833969,0.9138959320450657,True,False,-1,PV-/PNN+,0.0,0.0,296.31705237,19.42376350908454,-0.483659029006958,True,B
47,431,2729,296.31705237,19.42376350908454,56898.0,152.54155495978551,112.59677419354838,9.601608028860236,7.087315265702843,1.48717314216491,True,False,-1,PV-/PNN+,0.0,0.0,296.31705237,19.42376350908454,2.1646783351898193,False,NONE
48,436,2585,296.31705237,19.42376350908454,18840.0,50.50938337801609,36.16129032258065,3.1792733534346875,2.2761439372161263,1.8947439470238356,True,False,-1,PV-/PNN+,0.0,0.0,296.31705237,19.42376350908454,0.7235612869262695,True,A
49,487,2479,296.31705237,19.42376350908454,14533.0,38.96246648793566,28.379032258064516,2.4524617646213542,1.7862958329758134,1.5499407199152577,True,False,-1,PV-/PNN+,0.0,0.0,296.31705237,19.42376350908454,1.6689224243164062,True,A
50,446,2700,296.31705237,19.42376350908454,21925.0,58.78016085790885,42.28225806451613,3.6998709274976394,2.661423430603066,2.451283136410254,True,True,19,PV+/PNN+,142.9948242,13.493208101259413,296.31705237,19.42376350908454,0.7846899032592773,False,NONE
51,562,2706,296.31705237,19.42376350908454,14547.0,39.0,38.604838709677416,2.4548242819752866,2.429951165801426,1.8780059262904094,True,False,-1,PV-/PNN+,0.0,0.0,296.31705237,19.42376350908454,-0.2535233795642853,False,NONE
52,818,115,296.31705237,19.42376350908454,50339.0,134.95710455764075,149.75,8.494768648542927,9.425895800661516,1.2260600187234627,True,False,-1,PV-/PNN+,0.0,0.0,296.31705237,19.42376350908454,2.4165940284729004,False,NONE
53,1011,561,296.31705237,19.42376350908454,23460.0,62.89544235924933,48.685483870967744,3.9589040802323656,3.064469435542764,1.278784784033755,True,False,-1,PV-/PNN+,0.0,0.0,296.31705237,19.42376350908454,2.524564504623413,False,NONE
54,1076,393,296.31705237,19.42376350908454,37752.0,101.21179624664879,77.11290322580645,6.370696796118169,4.853810956213335,1.2427980394568887,True,False,-1,PV-/PNN+,0.0,0.0,296.31705237,19.42376350908454,1.2829023599624634,False,NONE
55,1021,223,296.31705237,19.42376350908454,27386.0,73.42091152815013,59.983870967741936,4.6214214467708254,3.7756375122688546,1.0000967388222102,True,False,-1,PV-/PNN+,0.0,0.0,296.31705237,19.42376350908454,1.7811219692230225,False,NONE
56,814,542,296.31705237,19.42376350908454,53698.0,143.96246648793564,111.14516129032258,9.061604062247126,6.99594463486009,1.3716807991042699,True,False,-1,PV-/PNN+,0.0,0.0,296.31705237,19.42376350908454,2.7144358158111572,False,NONE
57,1034,348,296.31705237,19.42376350908454,35392.0,94.88471849865952,84.62096774193549,5.972443870741001,5.326400163516684,1.9298937905640305,True,True,113,PV+/PNN+,185.89327146,15.384624282804582,296.31705237,19.42376350908454,1.8342267274856567,False,NONE
58,1082,288,296.31705237,19.42376350908454,46382.0,124.3485254691689,95.25,7.827019993577903,5.99543622713195,1.4553709027714004,True,False,-1,PV-/PNN+,0.0,0.0,296.31705237,19.42376350908454,2.673887014389038,False,NONE
59,690,268,296.31705237,19.42376350908454,52637.0,141.11796246648794,101.29838709677419,8.882558997066967,6.376147188976752,1.1373485088363042,True,False,-1,PV-/PNN+,0.0,0.0,296.31705237,19.42376350908454,1.8686524629592896,False,NONE
60,1107,548,296.31705237,19.42376350908454,22470.0,60.24128686327078,46.25806451612903,3.791840353061435,2.9116774361890494,1.2319183259801618,True,False,-1,PV-/PNN+,0.0,0.0,296.31705237,19.42376350908454,1.4936339855194092,False,NONE
61,683,448,296.31705237,19.42376350908454,50005.0,134.06166219839142,116.93548387096774,8.438405734527683,7.360411928999516,1.2712526747037132,True,False,-1,PV-/PNN+,0.0,0.0,296.31705237,19.42376350908454,1.474861979484558,False,NONE
62,991,508,296.31705237,19.42376350908454,22548.0,60.45040214477212,48.943548387096776,3.8050029497476294,3.080713103248142,1.1599448368264293,True,False,-1,PV-/PNN+,0.0,0.0,296.31705237,19.42376350908454,1.341798186302185,False,NONE
63,787,18,296.31705237,19.42376350908454,26264.0,70.41286863270777,70.26612903225806,4.432082555977104,4.422846147405019,1.0595167124258729,True,False,-1,PV-/PNN+,0.0,0.0,296.31705237,19.42376350908454,1.87116277217865,False,NONE
64,740,170,296.31705237,19.42376350908454,49563.0,132.87667560321717,111.54032258064517,8.363817686639248,7.020817751033952,1.1724983523764991,True,False,-1,PV-/PNN+,0.0,0.0,296.31705237,19.42376350908454,2.2592618465423584,False,NONE
65,732,227,296.31705237,19.42376350908454,60442.0,162.04289544235925,135.75,10.199662421884256,8.544676827644748,1.0553322072425162,True,False,-1,PV-/PNN+,0.0,0.0,296.31705237,19.42376350908454,2.4745094776153564,False,NONE
66,775,46,296.31705237,19.42376350908454,26814.0,71.88739946380697,56.354838709677416,4.524895737738732,3.547210935161973,1.0946665559660678,True,False,-1,PV-/PNN+,0.0,0.0,296.31705237,19.42376350908454,1.9902725219726562,False,NONE
67,972,268,296.31705237,19.42376350908454,30582.0,81.9892761394102,56.314516129032256,5.16075040842567,3.544672862083008,1.1247949932862347,True,False,-1,PV-/PNN+,0.0,0.0,296.31705237,19.42376350908454,2.6139776706695557,False,NONE
68,765,311,296.31705237,19.42376350908454,64221.0,172.17426273458446,151.1048387096774,10.837373356206427,9.511175056114752,1.1457175192030173,True,False,-1,PV-/PNN+,0.0,0.0,296.31705237,19.42376350908454,0.4265533983707428,False,NONE
69,755,254,296.31705237,19.42376350908454,43162.0,115.71581769436997,91.91129032258064,7.28364100217346,5.785283776193618,1.2068112948800225,True,False,-1,PV-/PNN+,0.0,0.0,296.31705237,19.42376350908454,1.7692652940750122,False,NONE
70,779,354,296.31705237,19.42376350908454,55965.0,150.0402144772118,105.84677419354838,9.444163122344602,6.662441832284044,1.18588876896324,True,False,-1,PV-/PNN+,0.0,0.0,296.31705237,19.42376350908454,1.6473673582077026,False,NONE
71,867,104,296.31705237,19.42376350908454,37580.0,100.75067024128687,85.60483870967742,6.341671582912716,5.388329146643438,1.1959315814032956,True,False,-1,PV-/PNN+,0.0,0.0,296.31705237,19.42376350908454,0.8210746049880981,False,NONE
72,716,81,296.31705237,19.42376350908454,21712.0,58.20911528150134,47.83870967741935,3.663926913469954,3.011169900884491,1.3289988462340332,True,False,-1,PV-/PNN+,0.0,0.0,296.31705237,19.42376350908454,0.5796927809715271,False,NONE
73,802,215,296.31705237,19.42376350908454,57774.0,154.89008042895443,131.99193548387098,9.749434114720575,8.308128416685177,1.1222842901762207,True,False,-1,PV-/PNN+,0.0,0.0,296.31705237,19.42376350908454,1.2975925207138062,False,NONE
74,991,391,296.31705237,19.42376350908454,20457.0,54.84450402144772,54.04838709677419,3.452144107813875,3.4020331550451552,1.3047287161705654,True,False,-1,PV-/PNN+,0.0,0.0,296.31705237,19.42376350908454,2.778135061264038,False,NONE
75,868,422,296.31705237,19.42376350908454,29011.0,77.77747989276139,53.33064516129032,4.895642211066545,3.3568554542395717,1.416036554047849,True,False,-1,PV-/PNN+,0.0,0.0,296.31705237,19.42376350908454,1.367576003074646,False,NONE
76,942,529,296.31705237,19.42376350908454,14036.0,37.630026809651476,28.620967741935484,2.3685923985567556,1.8015242714496056,1.6445105370591155,True,False,-1,PV-/PNN+,0.0,0.0,296.31705237,19.42376350908454,0.7173078060150146,False,NONE
77,815,374,296.31705237,19.42376350908454,39999.0,107.23592493297588,72.6774193548387,6.7498808314243135,4.5746229175271464,1.2988704089138663,True,False,-1,PV-/PNN+,0.0,0.0,296.31705237,19.42376350908454,1.0547925233840942,False,NONE
78,893,194,296.31705237,19.42376350908454,40477.0,108.51742627345844,110.45967741935483,6.830543923937147,6.95279739251768,1.358290382517529,True,False,-1,PV-/PNN+,0.0,0.0,296.31705237,19.42376350908454,0.8415279984474182,False,NONE
79,1097,116,296.31705237,19.42376350908454,21649.0,58.0402144772118,46.91129032258065,3.6532955853772586,2.9527942200682884,1.5926226727854944,True,True,136,PV+/PNN+,165.23846352,14.504762875171128,296.31705237,19.42376350908454,0.6469031572341919,False,NONE
80,793,455,296.31705237,19.42376350908454,38356.0,102.83109919571045,63.83870967741935,6.472622544816394,4.018277298617942,1.325651242087348,True,False,-1,PV-/PNN+,0.0,0.0,296.31705237,19.42376350908454,1.892523169517517,False,NONE
81,891,52,296.31705237,19.42376350908454,39627.0,106.23860589812332,79.99193548387096,6.68710537030554,5.035029374051461,1.3164453306839636,True,False,-1,PV-/PNN+,0.0,0.0,296.31705237,19.42376350908454,1.3806928396224976,False,NONE
82,866,530,296.31705237,19.42376350908454,21481.0,57.58981233243968,43.13709677419355,3.62494537713007,2.7152305798771317,1.319792934830649,True,False,-1,PV-/PNN+,0.0,0.0,296.31705237,19.42376350908454,1.2416846752166748,False,NONE
83,889,17,296.31705237,19.42376350908454,32188.0,86.29490616621985,88.63709677419355,5.431764899169624,5.579192242181633,1.1900732741465965,True,False,-1,PV-/PNN+,0.0,0.0,296.31705237,19.42376350908454,0.09827941656112671,False,NONE
84,858,292,296.31705237,19.42376350908454,46136.0,123.68900804289544,100.04032258064517,7.785507188644519,6.296959308913034,1.3850712156910108,True,False,-1,PV-/PNN+,0.0,0.0,296.31705237,19.42376350908454,0.7375636696815491,False,NONE
85,888,302,296.31705237,19.42376350908454,42964.0,115.18498659517427,82.15322580645162,7.250228256739274,5.171070091084005,1.3716807991042699,True,False,-1,PV-/PNN+,0.0,0.0,296.31705237,19.42376350908454,0.69733726978302,False,NONE
86,1113,285,296.31705237,19.42376350908454,29683.0,79.57908847184987,69.49193548387096,5.009043044055299,4.374115144288884,1.4461649913680161,True,False,-1,PV-/PNN+,0.0,0.0,296.31705237,19.42376350908454,0.18802109360694885,False,NONE
87,1019,39,296.31705237,19.42376350908454,13769.0,36.9142091152815,21.943548387096776,2.3235358175924743,1.3812193695729436,1.0528215041325024,True,False,-1,PV-/PNN+,0.0,0.0,296.31705237,19.42376350908454,-0.38387927412986755,False,NONE
88,837,392,296.31705237,19.42376350908454,25095.0,67.27882037533512,55.75,4.234812356923752,3.509139838977493,1.235265930126847,True,False,-1,PV-/PNN+,0.0,0.0,296.31705237,19.42376350908454,0.4892197847366333,False,NONE
89,880,380,296.31705237,19.42376350908454,23288.0,62.4343163538874,43.79838709677419,3.9298788670269107,2.756854978372163,1.177519758596527,True,False,-1,PV-/PNN+,0.0,0.0,296.31705237,19.42376350908454,0.4110695421695709,False,NONE
90,809,508,296.31705237,19.42376350908454,18926.0,50.73994638069705,41.61290322580645,3.1937859600374146,2.6192914174922413,1.334020252454061,True,False,-1,PV-/PNN+,0.0,0.0,296.31705237,19.42376350908454,0.33143150806427,False,NONE
91,842,172,296.31705237,19.42376350908454,28980.0,77.69436997319035,86.88709677419355,4.8904109226399815,5.469039870554536,1.2227124145767774,True,False,-1,PV-/PNN+,0.0,0.0,296.31705237,19.42376350908454,-0.2936016917228699,False,NONE
92,915,76,296.31705237,19.42376350908454,25229.0,67.63806970509384,62.21774193548387,4.257425023025676,3.9162467608435354,1.2570253570803007,True,False,-1,PV-/PNN+,0.0,0.0,296.31705237,19.42376350908454,0.1764376163482666,False,NONE
93,927,139,296.31705237,19.42376350908454,26489.0,71.01608579088472,60.74193548387097,4.470051584879588,3.823353286153403,0.9800111139420988,True,False,-1,PV-/PNN+,0.0,0.0,296.31705237,19.42376350908454,0.06145107373595238,False,NONE
94,695,511,296.31705237,19.42376350908454,18247.0,48.919571045576404,51.17741935483871,3.079203868371695,3.2213223518228222,1.2662312684836854,True,False,-1,PV-/PNN+,0.0,0.0,296.31705237,19.42376350908454,0.5134708285331726,False,NONE
95,929,183,296.31705237,19.42376350908454,31728.0,85.06166219839142,77.58064516129032,5.35413932896899,4.883252603929334,1.1105676756628224,True,False,-1,PV-/PNN+,0.0,0.0,296.31705237,19.42376350908454,0.7214252948760986,False,NONE
96,732,24,296.31705237,19.42376350908454,16320.0,43.75335120643432,42.57258064516129,2.754020229726863,2.6796975567716164,1.1356747067629616,True,False,-1,PV-/PNN+,0.0,0.0,296.31705237,19.42376350908454,-0.9588136672973633,False,NONE
97,1043,1088,296.31705237,19.42376350908454,21488.0,57.60857908847185,48.62903225806452,3.6261266358070365,3.0609161332322126,1.2754371798870696,True,False,-1,PV-/PNN+,0.0,0.0,296.31705237,19.42376350908454,2.401972532272339,True,C
98,1011,917,296.31705237,19.42376350908454,36097.0,96.77479892761394,83.45161290322581,6.091413494635452,5.252796044226689,1.1155890818828502,True,False,-1,PV-/PNN+,0.0,0.0,296.31705237,19.42376350908454,2.300081491470337,False,NONE
99,853,717,296.31705237,19.42376350908454,35764.0,95.88203753351206,67.09677419354838,6.035219331859775,4.223353603398342,1.3850712156910108,True,False,-1,PV-/PNN+,0.0,0.0,296.31705237,19.42376350908454,2.0192322731018066,False,NONE
100,908,974,296.31705237,19.42376350908454,32646.0,87.52278820375335,77.79032258064517,5.509052966891126,4.896450583939954,1.5290181939984753,True,False,-1,PV-/PNN+,0.0,0.0,296.31705237,19.42376350908454,1.308895468711853,False,NONE
101,726,761,296.31705237,19.42376350908454,47412.0,127.10991957104558,88.9274193548387,8.000833770331496,5.597466368350183,1.3072394192805792,True,False,-1,PV-/PNN+,0.0,0.0,296.31705237,19.42376350908454,2.3293545246124268,False,NONE
102,985,670,296.31705237,19.42376350908454,16163.0,43.33243967828418,29.387096774193548,2.7275262851149074,1.8497476599499472,1.060353613462544,True,False,-1,PV-/PNN+,0.0,0.0,296.31705237,19.42376350908454,0.37648916244506836,False,NONE
103,732,667,296.31705237,19.42376350908454,31812.0,85.28686327077747,81.91129032258064,5.368314433092584,5.155841652610212,0.9122221299717231,True,False,-1,PV-/PNN+,0.0,0.0,296.31705237,19.42376350908454,1.5419671535491943,False,NONE
104,831,870,296.31705237,19.42376350908454,27548.0,73.85522788203754,56.153225806451616,4.6487591475806145,3.534520569767147,1.3164453306839636,True,False,-1,PV-/PNN+,0.0,0.0,296.31705237,19.42376350908454,1.6127880811691284,False,NONE
105,892,1084,296.31705237,19.42376350908454,16473.0,44.16353887399464,48.266129032258064,2.7798391693805526,3.038073475521524,1.5415717095485448,True,False,-1,PV-/PNN+,0.0,0.0,296.31705237,19.42376350908454,1.4614661931991577,True,C
106,739,858,296.31705237,19.42376350908454,43281.0,116.0348525469169,91.78225806451613,7.303722399681885,5.77716194234093,1.2796216850704263,True,False,-1,PV-/PNN+,0.0,0.0,296.31705237,19.42376350908454,1.4548450708389282,False,NONE
107,811,958,296.31705237,19.42376350908454,27277.0,73.12868632707774,44.82258064516129,4.603027561658066,2.821322034577883,1.353268976297501,True,False,-1,PV-/PNN+,0.0,0.0,296.31705237,19.42376350908454,1.8270641565322876,False,NONE
108,1138,891,296.31705237,19.42376350908454,14426.0,38.67560321715818,24.548387096774192,2.4344053819877285,1.545178890474105,1.1867256699999111,True,False,-1,PV-/PNN+,0.0,0.0,296.31705237,19.42376350908454,1.0610498189926147,False,NONE
109,1071,798,296.31705237,19.42376350908454,15803.0,42.36729222520107,31.693548387096776,2.666775838870932,1.9949254400667653,1.7056043127361207,True,True,129,PV+/PNN+,178.74353025,15.085865274483455,296.31705237,19.42376350908454,0.3502567708492279,False,NONE
110,746,819,296.31705237,19.42376350908454,36784.0,98.61662198391421,63.056451612903224,6.207345596217705,3.9690386808860145,1.336530955564075,True,False,-1,PV-/PNN+,0.0,0.0,296.31705237,19.42376350908454,0.9661697745323181,False,NONE
111,689,883,296.31705237,19.42376350908454,35391.0,94.88203753351206,72.5241935483871,5.972275119501434,4.564978239827079,1.1574341337164156,True,False,-1,PV-/PNN+,0.0,0.0,296.31705237,19.42376350908454,0.8199777007102966,False,NONE
112,848,1135,296.31705237,19.42376350908454,12311.0,33.0053619302949,35.346774193548384,2.0774965103043757,2.224874861021026,1.4453280903313448,True,False,-1,PV-/PNN+,0.0,0.0,296.31705237,19.42376350908454,-0.4750301241874695,True,C
113,687,708,296.31705237,19.42376350908454,32009.0,85.81501340482573,60.08064516129032,5.4015584272872035,3.7817288876583715,1.2043005917700087,True,False,-1,PV-/PNN+,0.0,0.0,296.31705237,19.42376350908454,1.4744232892990112,False,NONE
114,937,756,296.31705237,19.42376350908454,13637.0,36.56032171581769,31.45967741935484,2.3012606539696834,1.9802046162087663,1.3306726483073756,True,False,-1,PV-/PNN+,0.0,0.0,296.31705237,19.42376350908454,0.6327662467956543,False,NONE
115,877,887,296.31705237,19.42376350908454,17184.0,46.06970509383378,38.03225806451613,2.899821300712403,2.3939105280801183,1.498052855641637,True,False,-1,PV-/PNN+,0.0,0.0,296.31705237,19.42376350908454,0.09622988104820251,False,NONE
116,698,1088,296.31705237,19.42376350908454,15707.0,42.10991957104557,47.45967741935484,2.650575719872539,2.987312013942217,1.3189560337939776,True,False,-1,PV-/PNN+,0.0,0.0,296.31705237,19.42376350908454,-0.7570552825927734,True,C
117,976,832,296.31705237,19.42376350908454,10858.0,29.109919571045577,23.467741935483872,1.8323009592141102,1.4771585319578338,1.2586991591536436,True,False,-1,PV-/PNN+,0.0,0.0,296.31705237,19.42376350908454,-0.6097382307052612,False,NONE
118,707,929,296.31705237,19.42376350908454,36312.0,97.35120643431635,87.45967741935483,6.12769501114227,5.505080508275844,1.0670488217559144,True,False,-1,PV-/PNN+,0.0,0.0,296.31705237,19.42376350908454,1.2709752321243286,False,NONE
119,943,808,296.31705237,19.42376350908454,13834.0,37.088471849865954,29.096774193548388,2.334504648164303,1.8314735337813968,1.1499020243863738,True,False,-1,PV-/PNN+,0.0,0.0,296.31705237,19.42376350908454,-1.1706972122192383,False,NONE
120,648,751,296.31705237,19.42376350908454,16999.0,45.57372654155496,30.524193548387096,2.8686023213925824,1.9213213207767699,1.2017898886599947,True,False,-1,PV-/PNN+,0.0,0.0,296.31705237,19.42376350908454,0.3860205411911011,False,NONE
121,787,1059,296.31705237,19.42376350908454,12101.0,32.44235924932976,25.169354838709676,2.0420587499953906,1.5842652158901713,1.3331833514173899,True,False,-1,PV-/PNN+,0.0,0.0,296.31705237,19.42376350908454,-0.5691728591918945,True,C
122,900,726,296.31705237,19.42376350908454,16394.0,43.951742627345844,38.79838709677419,2.766507821454791,2.4421339165804596,1.6704544691959258,True,False,-1,PV-/PNN+,0.0,0.0,296.31705237,19.42376350908454,0.5084852576255798,False,NONE
123,990,768,296.31705237,19.42376350908454,13931.0,37.3485254691689,39.67741935483871,2.3508735184022624,2.4974639097019047,1.385908116727682,True,False,-1,PV-/PNN+,0.0,0.0,296.31705237,19.42376350908454,-0.5884401202201843,False,NONE
124,729,1057,296.31705237,19.42376350908454,27445.0,73.57908847184987,56.58064516129032,4.631377769905255,3.561424144404179,1.4645768141747848,True,False,-1,PV-/PNN+,0.0,0.0,296.31705237,19.42376350908454,-0.08293981850147247,True,C
125,1028,742,296.31705237,19.42376350908454,18185.0,48.75335120643432,42.36290322580645,3.0687412915185663,2.6664995767609967,1.2494932477502592,True,False,-1,PV-/PNN+,0.0,0.0,296.31705237,19.42376350908454,0.20790132880210876,False,NONE
126,1009,962,296.31705237,19.42376350908454,11516.0,30.873994638069703,24.661290322580644,1.9433392748489309,1.552285495095208,1.14739132127636,True,False,-1,PV-/PNN+,0.0,0.0,296.31705237,19.42376350908454,-0.17728203535079956,False,NONE
127,986,1092,296.31705237,19.42376350908454,12697.0,34.0402144772118,31.556451612903224,2.142634488777082,1.986295991598283,1.864615509703669,True,True,99,PV+/PNN+,119.1623535,12.317557416952052,296.31705237,19.42376350908454,-0.27629202604293823,True,C
128,1069,1522,296.31705237,19.42376350908454,32719.0,87.71849865951742,64.54032258064517,5.521371807379487,4.06243977019194,1.1289794984695911,True,False,-1,PV-/PNN+,0.0,0.0,296.31705237,19.42376350908454,1.3246886730194092,True,C
129,1051,1320,296.31705237,19.42376350908454,32444.0,86.98123324396782,65.62903225806451,5.474965216498672,4.130967743324003,1.2419611384202174,True,False,-1,PV-/PNN+,0.0,0.0,296.31705237,19.42376350908454,1.7325046062469482,True,C
130,1125,1626,296.31705237,19.42376350908454,17768.0,47.63538873994638,33.91935483870968,2.9983720246192953,2.1350270740256527,1.2294076228701478,True,False,-1,PV-/PNN+,0.0,0.0,296.31705237,19.42376350908454,0.6417900323867798,False,NONE
131,865,1656,296.31705237,19.42376350908454,40445.0,108.43163538873995,78.79032258064517,6.825143884271016,4.9593947962982945,1.3691700959942559,True,False,-1,PV-/PNN+,0.0,0.0,296.31705237,19.42376350908454,2.263526201248169,True,C
132,847,1726,296.31705237,19.42376350908454,24376.0,65.35120643431635,58.95967741935484,4.113480215675368,3.711170456063135,1.361637986664214,True,False,-1,PV-/PNN+,0.0,0.0,296.31705237,19.42376350908454,1.5151296854019165,True,C
133,912,1599,296.31705237,19.42376350908454,37611.0,100.83378016085791,60.53225806451613,6.34690287133928,3.8101553061427835,1.9859661600210081,True,True,74,PV+/PNN+,234.35262855,17.273883005349166,296.31705237,19.42376350908454,2.3756818771362305,True,C
134,688,1401,296.31705237,19.42376350908454,34699.0,93.02680965147454,68.9274193548387,5.8554992617213495,4.338582121183369,1.1724983523764991,True,False,-1,PV-/PNN+,0.0,0.0,296.31705237,19.42376350908454,1.477821946144104,True,C
135,1017,1282,296.31705237,19.42376350908454,28999.0,77.74530831099196,58.556451612903224,4.893617196191746,3.6857897252734815,0.9892170253454832,True,False,-1,PV-/PNN+,0.0,0.0,296.31705237,19.42376350908454,1.974539875984192,True,C
136,745,1309,296.31705237,19.42376350908454,26691.0,71.55764075067025,60.62903225806452,4.504139335272041,3.8162466815323004,1.3289988462340332,True,False,-1,PV-/PNN+,0.0,0.0,296.31705237,19.42376350908454,1.5565171241760254,True,C
137,1098,1382,296.31705237,19.42376350908454,17874.0,47.919571045576404,34.233870967741936,3.0162596560133546,2.1548240440415825,1.0921558528560538,True,False,-1,PV-/PNN+,0.0,0.0,296.31705237,19.42376350908454,1.8454968929290771,True,C
138,780,1496,296.31705237,19.42376350908454,27061.0,72.54959785522789,52.895161290322584,4.566577293911682,3.3294442649867464,1.4227317623412195,True,False,-1,PV-/PNN+,0.0,0.0,296.31705237,19.42376350908454,1.7637497186660767,True,C
139,1044,1468,296.31705237,19.42376350908454,23931.0,64.15817694369973,45.38709677419355,4.0383859140682326,2.8568550576833984,1.2804585861070974,True,False,-1,PV-/PNN+,0.0,0.0,296.31705237,19.42376350908454,1.29990553855896,True,C
140,1121,1444,296.31705237,19.42376350908454,18458.0,49.48525469168901,39.16935483870968,3.1148103799202476,2.465484188906941,1.1482282223130311,True,False,-1,PV-/PNN+,0.0,0.0,296.31705237,19.42376350908454,1.4849077463150024,True,C
141,789,1447,296.31705237,19.42376350908454,30096.0,80.68632707774799,64.79032258064517,5.078737305996303,4.078175823281525,1.48717314216491,True,False,-1,PV-/PNN+,0.0,0.0,296.31705237,19.42376350908454,1.3962687253952026,True,C
142,752,1659,296.31705237,19.42376350908454,31215.0,83.68632707774799,74.9274193548387,5.267569943071326,4.716247395333413,1.350758273187487,True,False,-1,PV-/PNN+,0.0,0.0,296.31705237,19.42376350908454,1.01497483253479,True,C
143,975,1527,296.31705237,19.42376350908454,16838.0,45.14209115281501,38.45967741935484,2.8414333718223603,2.420814102717151,1.944121108187443,True,True,93,PV+/PNN+,218.46431475,16.67805158443783,296.31705237,19.42376350908454,1.173239827156067,True,C
144,859,1382,296.31705237,19.42376350908454,55876.0,149.80160857908848,140.74193548387098,9.429144262023174,8.858890274820657,1.430263871671261,True,False,-1,PV-/PNN+,0.0,0.0,296.31705237,19.42376350908454,0.9548031091690063,True,C
145,729,1362,296.31705237,19.42376350908454,26491.0,71.02144772117963,47.11290322580645,4.470389087358721,2.965484585463115,1.1708245503031565,True,False,-1,PV-/PNN+,0.0,0.0,296.31705237,19.42376350908454,1.2386019229888916,True,C
146,977,1397,296.31705237,19.42376350908454,13442.0,36.03753351206434,34.306451612903224,2.2683541622541967,2.1593925755837198,2.832073108095698,True,True,95,PV+/PNN+,170.79937335,14.746813769937054,296.31705237,19.42376350908454,1.4758046865463257,True,C
147,704,1537,296.31705237,19.42376350908454,26818.0,71.89812332439678,46.483870967741936,4.525570742696998,2.9258906454312554,1.2202017114667634,True,False,-1,PV-/PNN+,0.0,0.0,296.31705237,19.42376350908454,0.8788601756095886,True,C
148,836,1450,296.31705237,19.42376350908454,30479.0,81.71313672922253,74.08870967741936,5.143369030750311,4.6634554752909345,1.4562078038080717,True,False,-1,PV-/PNN+,0.0,0.0,296.31705237,19.42376350908454,2.311979055404663,True,C
149,887,1294,296.31705237,19.42376350908454,20176.0,54.0911528150134,36.95967741935484,3.404725009495661,2.32639778417964,1.319792934830649,True,False,-1,PV-/PNN+,0.0,0.0,296.31705237,19.42376350908454,0.9220594763755798,True,C
150,1109,1417,296.31705237,19.42376350908454,20725.0,55.56300268096515,46.20967741935484,3.497369440017723,2.908631748494291,1.1942577793299531,True,False,-1,PV-/PNN+,0.0,0.0,296.31705237,19.42376350908454,0.6386388540267944,True,C
151,1033,1426,296.31705237,19.42376350908454,20856.0,55.9142091152815,40.70161290322581,3.519475852400947,2.5619309659076244,1.5156277774117344,True,True,114,PV+/PNN+,222.4363932,16.828987254451757,296.31705237,19.42376350908454,0.9882034063339233,True,C
152,1070,1637,296.31705237,19.42376350908454,11060.0,29.6514745308311,22.048387096774192,1.8663887096065628,1.3878183595782534,1.1791935606698696,True,False,-1,PV-/PNN+,0.0,0.0,296.31705237,19.42376350908454,0.060656558722257614,True,C
153,784,1673,296.31705237,19.42376350908454,27094.0,72.63806970509384,63.306451612903224,4.57214608481738,3.9847747339755997,1.4503494965513724,True,False,-1,PV-/PNN+,0.0,0.0,296.31705237,19.42376350908454,-0.2719247341156006,True,C
154,834,1346,296.31705237,19.42376350908454,28256.0,75.75335120643432,67.88709677419355,4.768235025193765,4.273099835746064,1.5189753815584197,True,False,-1,PV-/PNN+,0.0,0.0,296.31705237,19.42376350908454,1.0256035327911377,True,C
155,735,1588,296.31705237,19.42376350908454,17508.0,46.938337801608576,54.78225806451613,2.95449670233198,3.4482260850823248,1.2997073099505376,True,False,-1,PV-/PNN+,0.0,0.0,296.31705237,19.42376350908454,1.7016065120697021,True,C
156,818,1541,296.31705237,19.42376350908454,22677.0,60.79624664879356,49.95161290322581,3.82677185965172,3.1441649302222756,1.3515951742241585,True,False,-1,PV-/PNN+,0.0,0.0,296.31705237,19.42376350908454,0.7010840177536011,True,C
157,884,1368,296.31705237,19.42376350908454,29847.0,80.01876675603218,60.58870967741935,5.036718247344221,3.813708608453335,1.451186397588044,True,False,-1,PV-/PNN+,0.0,0.0,296.31705237,19.42376350908454,0.8117361068725586,True,C
158,823,1320,296.31705237,19.42376350908454,20234.0,54.24664879356568,43.17741935483871,3.4145125813905235,2.717768652956097,1.411015147827821,True,False,-1,PV-/PNN+,0.0,0.0,296.31705237,19.42376350908454,1.0884450674057007,True,C
159,674,1712,296.31705237,19.42376350908454,19388.0,51.97855227882037,43.604838709677416,3.2717490327171825,2.7446722275931292,1.2988704089138663,True,False,-1,PV-/PNN+,0.0,0.0,296.31705237,19.42376350908454,0.022929545491933823,True,C
160,992,1606,296.31705237,19.42376350908454,11730.0,31.447721179624665,23.95967741935484,1.9794520401161828,1.508123023521211,1.1925839772566105,True,False,-1,PV-/PNN+,0.0,0.0,296.31705237,19.42376350908454,0.14112816751003265,True,C
161,1025,1590,296.31705237,19.42376350908454,15085.0,40.44235924932976,32.516129032258064,2.545612448862116,2.0467021308776583,1.9223616812339888,True,True,110,PV+/PNN+,281.22315426,18.922590755469738,296.31705237,19.42376350908454,0.35587164759635925,True,C
162,941,1538,296.31705237,19.42376350908454,18984.0,50.89544235924933,38.70967741935484,3.2035735319322773,2.436550155806736,1.755818374936399,True,True,80,PV+/PNN+,187.48210284,15.45023065413564,296.31705237,19.42376350908454,-0.6437997817993164,True,C
163,657,1224,296.31705237,19.42376350908454,21909.0,58.7372654155496,48.935483870967744,3.697170907664574,3.080205488632349,1.3934402260577237,True,False,-1,PV-/PNN+,0.0,0.0,296.31705237,19.42376350908454,-0.7568711042404175,True,C
164,672,1298,296.31705237,19.42376350908454,19808.0,53.10455764075067,40.83064516129032,3.3426245533351535,2.5700527997603135,1.319792934830649,True,False,-1,PV-/PNN+,0.0,0.0,296.31705237,19.42376350908454,-0.345589816570282,True,C
165,1076,1339,296.31705237,19.42376350908454,15526.0,41.624664879356565,32.62096774193548,2.620031745510985,2.053301120882968,1.3089132213539219,True,False,-1,PV-/PNN+,0.0,0.0,296.31705237,19.42376350908454,0.33398565649986267,True,C
166,1114,1661,296.31705237,19.42376350908454,8780.0,23.53887399463807,19.177419354838708,1.4816358833947216,1.2071075563559204,1.2151803052467356,True,False,-1,PV-/PNN+,0.0,0.0,296.31705237,19.42376350908454,-0.2244664430618286,False,NONE
167,775,1228,296.31705237,19.42376350908454,13812.0,37.029490616621985,30.596774193548388,2.330792120893838,1.9258898523189076,1.3038918151338939,True,False,-1,PV-/PNN+,0.0,0.0,296.31705237,19.42376350908454,-0.7287110090255737,True,C
168,944,1640,296.31705237,19.42376350908454,13135.0,35.21447721179624,24.967741935483872,2.2165475317072514,1.5715748504953448,2.005214883864448,True,True,82,PV+/PNN+,216.08106768,16.586830928142092,296.31705237,19.42376350908454,-0.2218361794948578,True,C
169,1138,1322,296.31705237,19.42376350908454,11933.0,31.991957104557642,29.096774193548388,2.013708541748202,1.8314735337813968,2.4956388913538334,True,True,152,PV+/PNN+,251.03535804,17.87814713507186,296.31705237,19.42376350908454,0.8684220314025879,True,C
170,915,1684,296.31705237,19.42376350908454,19477.0,52.2171581769437,39.04032258064516,3.28676789303861,2.457362355054252,1.900602254280535,True,True,75,PV+/PNN+,255.80185218,18.047078262479904,296.31705237,19.42376350908454,-0.03581932559609413,True,C
171,716,1674,296.31705237,19.42376350908454,15755.0,42.238605898123325,43.03225806451613,2.6586757793717357,2.7086315898718216,1.2854799923271254,True,False,-1,PV-/PNN+,0.0,0.0,296.31705237,19.42376350908454,-1.1299554109573364,True,C
172,647,1506,296.31705237,19.42376350908454,17983.0,48.211796246648795,35.11290322580645,3.034653541126114,2.2101540371630266,1.2444718415302314,True,False,-1,PV-/PNN+,0.0,0.0,296.31705237,19.42376350908454,0.060178499668836594,True,C
173,729,1725,296.31705237,19.42376350908454,17598.0,47.179624664879356,38.516129032258064,2.969684313892974,2.424367405027702,1.3398785597107603,True,False,-1,PV-/PNN+,0.0,0.0,296.31705237,19.42376350908454,-0.9712874889373779,True,C
174,775,1369,296.31705237,19.42376350908454,17758.0,47.60857908847185,49.25,2.9966845122236294,3.1000024586482784,1.7441017604230007,True,False,-1,PV-/PNN+,0.0,0.0,296.31705237,19.42376350908454,-0.9669214487075806,True,C
175,999,2020,296.31705237,19.42376350908454,13704.0,36.73994638069705,30.822580645161292,2.312566987020645,1.9401030615611137,2.1742688932720515,True,True,102,PV+/PNN+,317.766276,20.114487032644607,296.31705237,19.42376350908454,2.4449164867401123,True,B
176,1077,2033,296.31705237,19.42376350908454,15536.0,41.6514745308311,27.475806451612904,2.6217192579066513,1.7294429960069895,1.1273056963962484,True,False,-1,PV-/PNN+,0.0,0.0,296.31705237,19.42376350908454,1.2936230897903442,False,NONE
177,971,2125,296.31705237,19.42376350908454,16615.0,44.54423592493298,29.120967741935484,2.8038018453990095,1.8329963776287759,1.552451423025272,True,True,92,PV+/PNN+,189.07093422,15.515559616363333,296.31705237,19.42376350908454,1.7263818979263306,True,B
178,712,2224,296.31705237,19.42376350908454,17135.0,45.938337801608576,38.41935483870968,2.8915524899736393,2.4182760296381858,1.4043199395344506,True,False,-1,PV-/PNN+,0.0,0.0,296.31705237,19.42376350908454,1.7068425416946411,True,B
179,772,1879,296.31705237,19.42376350908454,45203.0,121.18766756032171,87.9758064516129,7.628062282128885,5.537567843686601,1.221875513540106,True,False,-1,PV-/PNN+,0.0,0.0,296.31705237,19.42376350908454,2.135185480117798,True,B
180,761,2028,296.31705237,19.42376350908454,17801.0,47.72386058981233,38.08064516129032,3.0039408155249934,2.3969562157748765,1.3850712156910108,True,False,-1,PV-/PNN+,0.0,0.0,296.31705237,19.42376350908454,1.6331032514572144,True,B
181,672,2269,296.31705237,19.42376350908454,18631.0,49.94906166219839,32.806451612903224,3.1440043443652685,2.064976257046209,1.3055656172072367,True,False,-1,PV-/PNN+,0.0,0.0,296.31705237,19.42376350908454,1.7081542015075684,False,NONE
182,878,1837,296.31705237,19.42376350908454,29737.0,79.72386058981233,47.20161290322581,5.018155610991895,2.971068346236839,1.6880293909660233,True,True,60,PV+/PNN+,274.07341305,18.680500733540153,296.31705237,19.42376350908454,1.5864540338516235,False,NONE
183,1017,1827,296.31705237,19.42376350908454,12783.0,34.270777479892764,26.846774193548388,2.1571470953798095,1.68984905597513,1.3080763203172505,True,False,-1,PV-/PNN+,0.0,0.0,296.31705237,19.42376350908454,1.1190654039382935,True,C
184,729,2129,296.31705237,19.42376350908454,20667.0,55.40750670241287,48.62903225806452,3.4875818681228603,3.0609161332322126,1.48717314216491,True,False,-1,PV-/PNN+,0.0,0.0,296.31705237,19.42376350908454,1.2002464532852173,True,B
185,765,1929,296.31705237,19.42376350908454,19904.0,53.361930294906166,44.46774193548387,3.358824672333547,2.798986991482988,1.5047480639350075,True,False,-1,PV-/PNN+,0.0,0.0,296.31705237,19.42376350908454,0.43404483795166016,True,B
186,927,1945,296.31705237,19.42376350908454,18793.0,50.38337801608579,54.75806451612903,3.1713420451750576,3.446703241234945,1.1942577793299531,True,False,-1,PV-/PNN+,0.0,0.0,296.31705237,19.42376350908454,1.0995995998382568,True,B
187,693,1824,296.31705237,19.42376350908454,25319.0,67.87935656836461,59.95161290322581,4.27261263458667,3.7736070538056827,1.3591272835542003,True,False,-1,PV-/PNN+,0.0,0.0,296.31705237,19.42376350908454,1.2401009798049927,True,B
188,932,2060,296.31705237,19.42376350908454,9911.0,26.571045576407506,22.95967741935484,1.672493535344543,1.4451788111628705,3.001964018539973,True,True,78,PV+/PNN+,305.85004065,19.733736760037036,296.31705237,19.42376350908454,0.19576528668403625,True,B
189,693,1975,296.31705237,19.42376350908454,18832.0,50.48793565683646,33.25806451612903,3.1779233435181546,2.0934026755306205,1.2863168933637967,True,False,-1,PV-/PNN+,0.0,0.0,296.31705237,19.42376350908454,1.3168981075286865,True,B
190,824,1880,296.31705237,19.42376350908454,28112.0,75.36729222520107,57.66129032258065,4.743934846696175,3.629444502920451,1.3917664239843812,True,False,-1,PV-/PNN+,0.0,0.0,296.31705237,19.42376350908454,0.4915139079093933,True,B
191,947,1804,296.31705237,19.42376350908454,12680.0,33.9946380697051,30.556451612903224,2.1397657177044502,1.9233517792399422,1.336530955564075,True,True,83,PV+/PNN+,263.74600908,18.3251698089468,296.31705237,19.42376350908454,0.13102181255817413,True,C
192,942,2153,296.31705237,19.42376350908454,9546.0,25.592493297587133,21.137096774193548,1.610899332902735,1.3304579079936365,1.6754758754159536,True,True,81,PV+/PNN+,170.79937335,14.746813769937054,296.31705237,19.42376350908454,-0.5450021624565125,True,B
193,958,1865,296.31705237,19.42376350908454,16659.0,44.66219839142091,40.016129032258064,2.8112268999399395,2.5187837235652135,1.2386135342735323,True,False,-1,PV-/PNN+,0.0,0.0,296.31705237,19.42376350908454,0.41231465339660645,True,B
194,649,2020,296.31705237,19.42376350908454,16042.0,43.00804289544236,28.766129032258064,2.707107385127349,1.8106613345338807,1.3164453306839636,True,False,-1,PV-/PNN+,0.0,0.0,296.31705237,19.42376350908454,0.616664707660675,True,B
195,910,1977,296.31705237,19.42376350908454,13999.0,37.53083109919571,36.975806451612904,2.362348602692791,2.327413013411226,1.6428367349857727,True,True,72,PV+/PNN+,225.61405596,16.948768034767717,296.31705237,19.42376350908454,-0.6889837980270386,True,B
196,782,1980,296.31705237,19.42376350908454,11587.0,31.064343163538872,23.879032258064516,1.9553206128581593,1.5030468773632804,1.4470018924046872,True,False,-1,PV-/PNN+,0.0,0.0,296.31705237,19.42376350908454,-0.050746653228998184,True,B
197,726,1792,296.31705237,19.42376350908454,24101.0,64.61394101876675,56.79838709677419,4.0670736247945545,3.575129739030592,1.353268976297501,True,False,-1,PV-/PNN+,0.0,0.0,296.31705237,19.42376350908454,-0.8820953965187073,False,NONE
198,806,2276,296.31705237,19.42376350908454,12423.0,33.30563002680965,27.306451612903224,2.096396649135835,1.718783089075335,1.613545198702277,True,False,-1,PV-/PNN+,0.0,0.0,296.31705237,19.42376350908454,-0.1167110800743103,True,A
199,923,2031,296.31705237,19.42376350908454,12462.0,33.41018766756032,31.629032258064516,2.102977947478932,1.9908645231404205,1.2344290290901758,True,False,-1,PV-/PNN+,0.0,0.0,296.31705237,19.42376350908454,0.25525355339050293,True,B
200,748,1811,296.31705237,19.42376350908454,22597.0,60.58176943699732,48.42741935483871,3.8132717604863924,3.0482257678373856,1.2511670498236016,True,False,-1,PV-/PNN+,0.0,0.0,296.31705237,19.42376350908454,-1.2385269403457642,False,NONE
201,1000,2624,296.31705237,19.42376350908454,40886.0,109.61394101876675,85.8225806451613,6.899563180919885,5.402034741269851,1.4938683504582804,True,False,-1,PV-/PNN+,0.0,0.0,296.31705237,19.42376350908454,2.698723554611206,False,NONE
202,843,2438,296.31705237,19.42376350908454,23920.0,64.12868632707774,44.57258064516129,4.036529650433,2.805585981488298,1.7407541562763156,True,False,-1,PV-/PNN+,0.0,0.0,296.31705237,19.42376350908454,2.1064112186431885,True,A
203,828,2621,296.31705237,19.42376350908454,39096.0,104.81501340482573,75.5241935483871,6.597498462095676,4.753810876902101,1.7549814738997278,True,False,-1,PV-/PNN+,0.0,0.0,296.31705237,19.42376350908454,1.8456320762634277,False,NONE
204,700,2774,296.31705237,19.42376350908454,29623.0,79.41823056300268,75.31451612903226,4.998917969681303,4.740612896891481,2.1951914191888346,True,True,36,PV+/PNN+,189.07093422,15.515559616363333,296.31705237,19.42376350908454,2.026219606399536,False,NONE
205,1059,2573,296.31705237,19.42376350908454,15976.0,42.83109919571046,29.25,2.695969803315954,1.841118211481465,2.0077255869744617,True,True,121,PV+/PNN+,226.40847165,16.97858119419376,296.31705237,19.42376350908454,2.1862003803253174,False,NONE
206,1011,2742,296.31705237,19.42376350908454,31608.0,84.73994638069705,70.49193548387096,5.333889180220998,4.437059356647224,1.975086446544281,True,False,-1,PV-/PNN+,0.0,0.0,296.31705237,19.42376350908454,1.8369923830032349,False,NONE
207,950,2831,296.31705237,19.42376350908454,32004.0,85.80160857908847,76.9274193548387,5.4007146710893705,4.842135820050094,2.57681829191095,True,True,85,PV+/PNN+,148.55573403,13.753073662427433,296.31705237,19.42376350908454,2.2917752265930176,False,NONE
208,766,2588,296.31705237,19.42376350908454,26420.0,70.83109919571045,51.943548387096776,4.458407749349493,3.269545740323164,1.6729651723059398,True,False,-1,PV-/PNN+,0.0,0.0,296.31705237,19.42376350908454,1.5329854488372803,False,NONE
209,664,2419,296.31705237,19.42376350908454,15332.0,41.10455764075067,31.088709677419356,2.5872940050350652,1.956854343882285,1.8294656661634738,True,False,-1,PV-/PNN+,0.0,0.0,296.31705237,19.42376350908454,0.8273321986198425,True,A
210,1119,2822,296.31705237,19.42376350908454,20428.0,54.76675603217158,43.75,3.447250321866443,2.7538092906774048,2.3893524596965774,True,True,141,PV+/PNN+,133.46183592,13.035677474005706,296.31705237,19.42376350908454,1.9529367685317993,False,NONE
211,876,2784,296.31705237,19.42376350908454,23103.0,61.938337801608576,65.25806451612904,3.8986598877070904,4.107617470997523,3.8932636225949135,True,True,61,PV+/PNN+,171.59378904,14.781068900342463,296.31705237,19.42376350908454,1.0010727643966675,False,NONE
212,712,2680,296.31705237,19.42376350908454,22496.0,60.310991957104555,53.975806451612904,3.796227885290166,3.3974646235030175,2.701516546374974,True,True,38,PV+/PNN+,158.08872231,14.187487896796528,296.31705237,19.42376350908454,0.04896869882941246,False,NONE
213,1120,2734,296.31705237,19.42376350908454,19790.0,53.056300268096514,53.233870967741936,3.3395870310229547,3.3507640788500552,2.297293345662734,True,True,144,PV+/PNN+,127.90092609,12.761211420003875,296.31705237,19.42376350908454,0.6151198744773865,False,NONE
214,1092,2587,296.31705237,19.42376350908454,16550.0,44.369973190348524,32.92741935483871,2.7928330148271803,2.072590476283105,2.144977356988556,True,False,-1,PV-/PNN+,0.0,0.0,296.31705237,19.42376350908454,0.5483901500701904,False,NONE
215,778,2501,296.31705237,19.42376350908454,24603.0,65.95978552278821,43.983870967741936,4.1517867470569865,2.768530114535404,1.71146261999282,True,False,-1,PV-/PNN+,0.0,0.0,296.31705237,19.42376350908454,1.3432945013046265,True,A
216,678,2544,296.31705237,19.42376350908454,18900.0,50.67024128686327,38.54032258064516,3.1893984278086833,2.4258902488750813,1.7056043127361207,True,False,-1,PV-/PNN+,0.0,0.0,296.31705237,19.42376350908454,0.6426001787185669,False,NONE
217,890,2397,296.31705237,19.42376350908454,9057.0,24.281501340482574,19.096774193548388,1.528379976754669,1.2020314101979899,2.4069273814666747,True,True,66,PV+/PNN+,193.04301267,15.67769107892661,296.31705237,19.42376350908454,-0.858628511428833,True,A
218,759,2759,296.31705237,19.42376350908454,18281.0,49.01072386058981,42.29032258064516,3.0849414105169597,2.661931045218859,1.9240354833073317,True,False,-1,PV-/PNN+,0.0,0.0,296.31705237,19.42376350908454,0.21908310055732727,False,NONE
219,904,2732,296.31705237,19.42376350908454,13712.0,36.761394101876675,47.604838709677416,2.313916996937178,2.996449077026492,2.7642841241253224,True,True,73,PV+/PNN+,150.14456541,13.82642390884524,296.31705237,19.42376350908454,-0.01604384556412697,False,NONE
220,871,2751,296.31705237,19.42376350908454,29161.0,78.17962466487936,68.56451612903226,4.920954897001535,4.315739463472681,2.593556312644376,True,False,-1,PV-/PNN+,0.0,0.0,296.31705237,19.42376350908454,-0.09751342236995697,False,NONE
221,778,2847,296.31705237,19.42376350908454,27689.0,74.23324396782841,62.45161290322581,4.672553072359504,3.930967584701534,2.100621602044977,True,False,-1,PV-/PNN+,0.0,0.0,296.31705237,19.42376350908454,1.9444788694381714,False,NONE
222,900,2624,296.31705237,19.42376350908454,14369.0,38.52278820375335,32.62903225806452,2.424786561332432,2.0538087354987615,2.4722056623270365,True,True,71,PV+/PNN+,131.87300454,12.957851838301272,296.31705237,19.42376350908454,0.024710889905691147,False,NONE
223,961,2430,296.31705237,19.42376350908454,5943.0,15.932975871313673,12.096774193548388,1.0028886167442859,0.761421923689605,1.9683912382509106,True,True,88,PV+/PNN+,216.08106768,16.586830928142092,296.31705237,19.42376350908454,-1.0637038946151733,True,A
224,691,2847,296.31705237,19.42376350908454,15761.0,42.25469168900804,39.475806451612904,2.659688286809135,2.4847735443070778,1.867963113850354,True,False,-1,PV-/PNN+,0.0,0.0,296.31705237,19.42376350908454,1.223810076713562,False,NONE
225,989,2764,296.31705237,19.42376350908454,21810.0,58.47184986595174,44.693548387096776,3.6804645349474803,2.813200200725194,2.6504655831380246,True,True,100,PV+/PNN+,166.8272949,14.574330482319754,296.31705237,19.42376350908454,-0.37630176544189453,False,NONE
226,905,2577,296.31705237,19.42376350908454,11202.0,30.032171581769436,25.596774193548388,1.8903513856250196,1.6111687905272043,1.725689937616232,True,False,-1,PV-/PNN+,0.0,0.0,296.31705237,19.42376350908454,-0.7142921686172485,False,NONE
227,1040,2750,296.31705237,19.42376350908454,16883.0,45.2627345844504,53.92741935483871,2.849027177602857,3.3944189358082593,2.5425053494074263,True,True,117,PV+/PNN+,270.89575029,18.571892250654752,296.31705237,19.42376350908454,0.5327203273773193,False,NONE
228,958,2378,296.31705237,19.42376350908454,5551.0,14.882037533512065,11.959677419354838,0.93673813083418,0.7527924752211228,1.5248336888151188,True,True,89,PV+/PNN+,185.89327146,15.384624282804582,296.31705237,19.42376350908454,-1.699733853340149,True,A
229,715,2624,296.31705237,19.42376350908454,14451.0,38.742627345844504,36.62903225806452,2.438624162976893,2.3055855849321243,1.9759233475809523,True,True,40,PV+/PNN+,122.34001626,12.48071098158173,296.31705237,19.42376350908454,-0.26079481840133667,False,NONE
230,1425,139,296.31705237,19.42376350908454,39797.0,106.69436997319035,93.94354838709677,6.715793081031861,5.913202659373472,1.1331640036529478,True,False,-1,PV-/PNN+,0.0,0.0,296.31705237,19.42376350908454,1.75750732421875,False,NONE
231,1518,140,296.31705237,19.42376350908454,13437.0,36.024128686327074,31.79032258064516,2.267510406056364,2.001016815456282,1.068722623829257,True,False,-1,PV-/PNN+,0.0,0.0,296.31705237,19.42376350908454,1.8516849279403687,False,NONE
232,1309,567,296.31705237,19.42376350908454,18230.0,48.8739946380697,40.53225806451613,3.0763350972990633,2.5512710589759697,1.049473899985817,True,False,-1,PV-/PNN+,0.0,0.0,296.31705237,19.42376350908454,0.9798346757888794,False,NONE
233,1429,41,296.31705237,19.42376350908454,31156.0,83.52815013404826,69.05645161290323,5.257613619936897,4.346703955036059,1.0252037699223493,True,False,-1,PV-/PNN+,0.0,0.0,296.31705237,19.42376350908454,2.1098201274871826,False,NONE
234,1314,25,296.31705237,19.42376350908454,38217.0,102.45844504021447,104.6774193548387,6.449166122516638,6.5888377129940485,0.9800111139420988,True,False,-1,PV-/PNN+,0.0,0.0,296.31705237,19.42376350908454,1.8960493803024292,False,NONE
235,1345,77,296.31705237,19.42376350908454,34438.0,92.32707774798928,83.84677419354838,5.811455188194468,5.277669160400548,2.613641937524487,True,True,205,PV+/PNN+,258.18509925,18.13095359396391,296.31705237,19.42376350908454,2.790721893310547,False,NONE
236,1283,365,296.31705237,19.42376350908454,39700.0,106.4343163538874,90.65322580645162,6.699424210793901,5.7060958961299,1.0963403580394102,True,False,-1,PV-/PNN+,0.0,0.0,296.31705237,19.42376350908454,1.769325852394104,False,NONE
237,1511,216,296.31705237,19.42376350908454,11250.0,30.160857908847184,23.919354838709676,1.8984514451242163,1.5055849504422456,1.4746196266148404,True,False,-1,PV-/PNN+,0.0,0.0,296.31705237,19.42376350908454,0.8479544520378113,False,NONE
238,1285,37,296.31705237,19.42376350908454,43266.0,115.99463806970509,101.33870967741936,7.301191131088386,6.378685262055718,1.0595167124258729,True,False,-1,PV-/PNN+,0.0,0.0,296.31705237,19.42376350908454,2.167518138885498,False,NONE
239,1260,387,296.31705237,19.42376350908454,44811.0,120.1367292225201,101.31451612903226,7.561911796218778,6.377162418208338,1.0729071290126138,True,False,-1,PV-/PNN+,0.0,0.0,296.31705237,19.42376350908454,1.649845004081726,False,NONE
240,1340,325,296.31705237,19.42376350908454,32065.0,85.9651474530831,74.99193548387096,5.411008496702933,4.720308312259758,1.1013617642594382,True,False,-1,PV-/PNN+,0.0,0.0,296.31705237,19.42376350908454,1.9058321714401245,False,NONE
241,1385,164,296.31705237,19.42376350908454,32450.0,86.99731903485255,68.46774193548387,5.475977723936073,4.309648088083165,1.0260406709590206,True,False,-1,PV-/PNN+,0.0,0.0,296.31705237,19.42376350908454,1.1376725435256958,False,NONE
242,1259,73,296.31705237,19.42376350908454,26320.0,70.56300268096514,66.87903225806451,4.441532625392833,4.2096480087719295,1.2084850969533651,True,False,-1,PV-/PNN+,0.0,0.0,296.31705237,19.42376350908454,0.9601302146911621,False,NONE
243,1402,236,296.31705237,19.42376350908454,19503.0,52.28686327077748,45.08870967741935,3.291155425267341,2.838073316899054,0.9908908274188257,True,False,-1,PV-/PNN+,0.0,0.0,296.31705237,19.42376350908454,1.5334012508392334,False,NONE
244,1241,334,296.31705237,19.42376350908454,50988.0,136.6970509383378,114.40322580645162,8.604288203021648,7.201020939640491,1.200116086586652,True,False,-1,PV-/PNN+,0.0,0.0,296.31705237,19.42376350908454,1.9014064073562622,False,NONE
245,1287,519,296.31705237,19.42376350908454,12249.0,32.839142091152816,26.85483870967742,2.067033933451247,1.6903566705909232,1.3348571534907323,True,False,-1,PV-/PNN+,0.0,0.0,296.31705237,19.42376350908454,-0.38037601113319397,False,NONE
246,1272,194,296.31705237,19.42376350908454,24477.0,65.62198391420911,61.5,4.130524090871594,3.871069060037952,1.3289988462340332,True,False,-1,PV-/PNN+,0.0,0.0,296.31705237,19.42376350908454,0.5772757530212402,False,NONE
247,1326,273,296.31705237,19.42376350908454,21790.0,58.41823056300268,48.185483870967744,3.6770895101561485,3.0329973293635937,1.1733352534131702,True,False,-1,PV-/PNN+,0.0,0.0,296.31705237,19.42376350908454,1.8521336317062378,False,NONE
248,1245,436,296.31705237,19.42376350908454,19565.0,52.45308310991957,35.32258064516129,3.30161800212047,2.2233520171736467,1.2729264767770558,True,False,-1,PV-/PNN+,0.0,0.0,296.31705237,19.42376350908454,0.8088387250900269,False,NONE
249,1273,553,296.31705237,19.42376350908454,12235.0,32.80160857908847,25.693548387096776,2.0646714160973145,1.6172601659167212,1.276274080923741,True,False,-1,PV-/PNN+,0.0,0.0,296.31705237,19.42376350908454,0.06926222145557404,False,NONE
250,1299,148,296.31705237,19.42376350908454,22116.0,59.292225201072384,68.70967741935483,3.732102414254859,4.324876526556956,1.3926033250210526,True,False,-1,PV-/PNN+,0.0,0.0,296.31705237,19.42376350908454,0.5612660646438599,False,NONE
251,1467,134,296.31705237,19.42376350908454,20446.0,54.815013404825734,52.975806451612904,3.450287844178642,3.334520411144677,1.0871344466360258,True,False,-1,PV-/PNN+,0.0,0.0,296.31705237,19.42376350908454,0.5901867151260376,False,NONE
252,1379,459,296.31705237,19.42376350908454,7713.0,20.67828418230563,16.258064516129032,1.3015783107771628,1.0233510654388291,1.068722623829257,True,False,-1,PV-/PNN+,0.0,0.0,296.31705237,19.42376350908454,-0.554783046245575,False,NONE
253,1394,407,296.31705237,19.42376350908454,8011.0,21.47721179624665,19.596774193548388,1.3518661801680085,1.2335035163771602,1.92319858227066,True,True,211,PV+/PNN+,153.32222817,13.97196922387648,296.31705237,19.42376350908454,-0.8268759846687317,False,NONE
254,1438,17,296.31705237,19.42376350908454,14355.0,38.48525469168901,41.653225806451616,2.4224240439785,2.6218294905712067,1.0871344466360258,True,False,-1,PV-/PNN+,0.0,0.0,296.31705237,19.42376350908454,0.8435773849487305,False,NONE
255,1225,861,296.31705237,19.42376350908454,16758.0,44.92761394101877,25.556451612903224,2.8279332726570328,1.6086307174482388,1.0637012176092293,True,False,-1,PV-/PNN+,0.0,0.0,296.31705237,19.42376350908454,1.9431489706039429,False,NONE
256,1463,2131,296.31705237,19.42376350908454,14760.0,39.571045576407506,34.33064516129032,2.4907682960029716,2.160915419431099,2.2822291270026502,True,True,214,PV+/PNN+,192.24859698,15.645399198959066,296.31705237,19.42376350908454,2.2479958534240723,False,NONE
257,1625,2160,296.31705237,19.42376350908454,12487.0,33.47721179624665,31.266129032258064,2.107196728468097,1.9680218654297323,4.462356327531401,True,False,-1,PV-/PNN+,0.0,0.0,296.31705237,19.42376350908454,1.434030532836914,False,NONE
258,1557,2257,296.31705237,19.42376350908454,10694.0,28.67024128686327,29.016129032258064,1.8046257559251884,1.8263973876234658,2.870570555782578,True,True,218,PV+/PNN+,270.10133460000003,18.544640743310826,296.31705237,19.42376350908454,0.16446922719478607,False,NONE
259,1712,1913,296.31705237,19.42376350908454,8018.0,21.49597855227882,19.161290322580644,1.3530474388449747,1.2060923271243342,2.866386050599221,True,False,-1,PV-/PNN+,0.0,0.0,296.31705237,19.42376350908454,-0.7405988574028015,False,NONE
260,1600,2110,296.31705237,19.42376350908454,7359.0,19.72922252010724,21.85483870967742,1.2418403719705873,1.3756356087992199,2.3131944653594885,True,True,233,PV+/PNN+,239.11912269,17.448665361891926,296.31705237,19.42376350908454,-0.5878008008003235,False,NONE
261,1658,1902,296.31705237,19.42376350908454,9561.0,25.632707774798927,19.532258064516128,1.6134306014962339,1.2294425994508156,1.766698088413126,True,True,270,PV+/PNN+,243.09120114,17.592990941526047,296.31705237,19.42376350908454,0.20300865173339844,False,NONE
262,1565,2083,296.31705237,19.42376350908454,11705.0,31.380697050938338,25.903225806451612,1.9752332591270179,1.6304581459273408,3.0279079506767834,True,False,-1,PV-/PNN+,0.0,0.0,296.31705237,19.42376350908454,-0.7236266136169434,False,NONE
263,1662,2208,296.31705237,19.42376350908454,10562.0,28.316353887399465,24.161290322580644,1.7823505923023977,1.5208133889160378,4.1912003916498985,True,False,-1,PV-/PNN+,0.0,0.0,296.31705237,19.42376350908454,0.3088229298591614,False,NONE
264,1652,1853,296.31705237,19.42376350908454,8965.0,24.03485254691689,16.983870967741936,1.5128548627145422,1.0690363808602055,2.5399946462974126,True,False,-1,PV-/PNN+,0.0,0.0,296.31705237,19.42376350908454,-0.7097034454345703,False,NONE
265,1309,2719,296.31705237,19.42376350908454,50586.0,135.61930294906165,138.1451612903226,8.536450204715875,8.69543836853529,3.420414536875626,True,True,200,PV+/PNN+,151.73339679,13.899387074616614,296.31705237,19.42376350908454,3.56622052192688,False,NONE
266,1400,2807,296.31705237,19.42376350908454,32925.0,88.27077747989276,54.41129032258065,5.556134562730206,3.4248758127558436,2.591045609534362,True,False,-1,PV-/PNN+,0.0,0.0,296.31705237,19.42376350908454,1.6624876260757446,False,NONE
267,1252,2721,296.31705237,19.42376350908454,28444.0,76.25737265415549,72.9274193548387,4.799960258232285,4.590358970616732,2.7123962598517015,True,False,-1,PV-/PNN+,0.0,0.0,296.31705237,19.42376350908454,1.958429217338562,False,NONE
268,1425,2679,296.31705237,19.42376350908454,29855.0,80.04021447721179,55.25806451612903,5.038068257260753,3.478175347414116,2.303151652919433,True,False,-1,PV-/PNN+,0.0,0.0,296.31705237,19.42376350908454,1.7430498600006104,False,NONE
269,1262,2613,296.31705237,19.42376350908454,17999.0,48.25469168900804,39.483870967741936,3.0373535609591795,2.485281158922871,4.405447057037753,True,True,186,PV+/PNN+,201.78158526,16.02860860313152,296.31705237,19.42376350908454,0.34943222999572754,False,NONE
270,1414,2713,296.31705237,19.42376350908454,28472.0,76.33243967828419,65.1774193548387,4.8046852929401505,4.102541324839591,2.0956001958249493,True,False,-1,PV-/PNN+,0.0,0.0,296.31705237,19.42376350908454,0.9545594453811646,False,NONE
271,1445,2779,296.31705237,19.42376350908454,31120.0,83.43163538873995,65.74193548387096,5.251538575312499,4.138074347945106,2.517398318307287,True,False,-1,PV-/PNN+,0.0,0.0,296.31705237,19.42376350908454,1.2122408151626587,False,NONE
272,1335,2803,296.31705237,19.42376350908454,25880.0,69.38337801608579,68.08870967741936,4.36728207998353,4.28579020114089,4.0271677884623225,True,True,202,PV+/PNN+,158.08872231,14.187487896796528,296.31705237,19.42376350908454,1.750050663948059,False,NONE
273,1235,2806,296.31705237,19.42376350908454,20867.0,55.943699731903486,41.145161290322584,3.52133211603618,2.5898497697762433,2.303988553956104,True,True,179,PV+/PNN+,135.05066730000001,13.113041224263421,296.31705237,19.42376350908454,1.2367582321166992,False,NONE
274,1290,2627,296.31705237,19.42376350908454,13373.0,35.85254691689008,36.5,2.2567103267241015,2.2974637510794347,2.8103136811422442,True,True,193,PV+/PNN+,208.93132647000002,16.3101081233564,296.31705237,19.42376350908454,0.3780873417854309,False,NONE
275,1337,2690,296.31705237,19.42376350908454,20367.0,54.603217158176946,47.274193548387096,3.4369564962528814,2.9756368777789763,2.941707143899639,True,True,203,PV+/PNN+,144.58365558,13.56796328882212,296.31705237,19.42376350908454,-0.2707534432411194,False,NONE
276,1308,2683,296.31705237,19.42376350908454,28848.0,77.34048257372655,76.78225806451613,4.868135759017191,4.83299875696582,2.782695946932091,True,True,199,PV+/PNN+,206.5480794,16.216817893198968,296.31705237,19.42376350908454,0.30089032649993896,False,NONE
277,1568,2813,296.31705237,19.42376350908454,15191.0,40.72654155495979,45.83064516129032,2.5635000802561754,2.884773861552017,2.7609365199786366,True,False,-1,PV-/PNN+,0.0,0.0,296.31705237,19.42376350908454,0.4431891441345215,False,NONE
278,1258,2757,296.31705237,19.42376350908454,26562.0,71.21179624664879,68.62096774193549,4.482370425367949,4.319292765783233,4.975376663010912,True,True,184,PV+/PNN+,274.86782874,18.707554333136663,296.31705237,19.42376350908454,0.4227718710899353,False,NONE
279,1294,2814,296.31705237,19.42376350908454,17954.0,48.134048257372655,40.145161290322584,3.0297597551786826,2.5269055574179027,2.418643995980073,True,True,196,PV+/PNN+,119.95676919,12.358547737957588,296.31705237,19.42376350908454,-0.42980384826660156,False,NONE
280,1265,2672,296.31705237,19.42376350908454,23589.0,63.24128686327078,53.354838709677416,3.980672990136457,3.358378298086951,2.7190914681450717,True,True,188,PV+/PNN+,179.53794594000001,15.11935225303425,296.31705237,19.42376350908454,-0.26717376708984375,False,NONE
281,1453,2839,296.31705237,19.42376350908454,19106.0,51.22252010723861,40.28225806451613,3.2241611831594024,2.5355350058863846,2.221135351325645,True,False,-1,PV-/PNN+,0.0,0.0,296.31705237,19.42376350908454,0.4221358597278595,False,NONE
282,1491,2784,296.31705237,19.42376350908454,26504.0,71.05630026809652,68.43548387096774,4.472582853473087,4.307617629619992,2.6119681354511446,True,False,-1,PV-/PNN+,0.0,0.0,296.31705237,19.42376350908454,0.1910770684480667,False,NONE
283,1418,2765,296.31705237,19.42376350908454,18226.0,48.86327077747989,45.45967741935484,3.075660092340797,2.8614235892255357,2.2043973305922187,True,False,-1,PV-/PNN+,0.0,0.0,296.31705237,19.42376350908454,-0.9459738731384277,False,NONE
284,1902,49,296.31705237,19.42376350908454,10636.0,28.514745308310992,25.54032258064516,1.7948381840303258,1.6076154882166527,0.8804198905782135,True,False,-1,PV-/PNN+,0.0,0.0,296.31705237,19.42376350908454,-0.4828224182128906,False,NONE
285,1805,1690,296.31705237,19.42376350908454,5088.0,13.640750670241287,14.637096774193548,0.8586063069148455,0.9213205276644221,2.5759813908742784,True,True,335,PV+/PNN+,414.68499018,22.97810540721947,296.31705237,19.42376350908454,-0.10249675810337067,False,NONE
286,1880,2096,296.31705237,19.42376350908454,6719.0,18.013404825737265,14.370967741935484,1.1338395786479651,0.9045692453432508,4.388709036304326,True,True,377,PV+/PNN+,152.52781248,13.935725403490322,296.31705237,19.42376350908454,-1.3300020694732666,False,NONE
287,1921,1803,296.31705237,19.42376350908454,8261.0,22.14745308310992,19.31451612903226,1.3940539900596578,1.2157370048244027,2.08974188856825,True,True,394,PV+/PNN+,262.95159339,18.297550848549903,296.31705237,19.42376350908454,-0.16509965062141418,False,NONE
288,1873,2526,296.31705237,19.42376350908454,21074.0,56.498659517426276,57.57258064516129,3.5562636226264654,3.623860742146727,4.331799765810677,True,True,372,PV+/PNN+,231.17496579000002,17.156372232981727,296.31705237,19.42376350908454,2.47961163520813,False,NONE
289,1806,2541,296.31705237,19.42376350908454,6283.0,16.844504021447722,17.798387096774192,1.060264038196929,1.1203054570553055,2.9291536283495696,True,False,-1,PV-/PNN+,0.0,0.0,296.31705237,19.42376350908454,-0.3484514355659485,False,NONE
290,602,1308,296.31705237,19.42376350908454,54518.0,146.1608579088472,121.70967741935483,9.199980078691736,7.660919781549012,1.1691507482298138,True,False,-1,PV-/PNN+,0.0,0.0,296.31705237,19.42376350908454,1.6683642864227295,True,C
291,1521,1751,296.31705237,19.42376350908454,15181.0,40.69973190348526,28.25,2.5618125678605095,1.7781739991231242,2.9073942013961154,True,True,217,PV+/PNN+,100.89079263,11.333937836259334,296.31705237,19.42376350908454,2.459138870239258,False,NONE
292,1704,1741,296.31705237,19.42376350908454,15623.0,41.88471849865952,45.516129032258064,2.636400615748945,2.864976891536087,3.278978261678175,True,True,293,PV+/PNN+,278.0454915,18.81537974671584,296.31705237,19.42376350908454,2.222971200942993,False,NONE
293,1187,67,296.31705237,19.42376350908454,23966.0,64.2520107238606,60.653225806451616,4.044292207453064,3.81776952537968,1.2118327011000505,True,False,-1,PV-/PNN+,0.0,0.0,296.31705237,19.42376350908454,2.6179592609405518,False,NONE
294,1187,2799,296.31705237,19.42376350908454,43012.0,115.31367292225201,90.20161290322581,7.258328316238471,5.677669477645488,2.180127200528751,True,False,-1,PV-/PNN+,0.0,0.0,296.31705237,19.42376350908454,1.8724504709243774,False,NONE
295,604,1938,296.31705237,19.42376350908454,36025.0,96.58176943699732,68.90322580645162,6.079263405386657,4.337059277335991,1.0980141601127529,True,False,-1,PV-/PNN+,0.0,0.0,296.31705237,19.42376350908454,1.5922313928604126,True,B
296,1168,977,296.31705237,19.42376350908454,18547.0,49.72386058981233,37.653225806451616,3.1298292402416745,2.370052641137844,1.0996879621860955,True,False,-1,PV-/PNN+,0.0,0.0,296.31705237,19.42376350908454,1.889482855796814,False,NONE
297,1160,603,296.31705237,19.42376350908454,21480.0,57.58713136729222,50.74193548387097,3.6247766258905036,3.1939111625699965,1.0762547331592989,True,False,-1,PV-/PNN+,0.0,0.0,296.31705237,19.42376350908454,2.424861431121826,False,NONE
298,569,1191,296.31705237,19.42376350908454,33788.0,90.58445040214477,79.25,5.701766882476179,4.988328829398499,1.411015147827821,True,False,-1,PV-/PNN+,0.0,0.0,296.31705237,19.42376350908454,2.2168314456939697,True,C
299,617,125,296.31705237,19.42376350908454,9892.0,26.5201072386059,23.556451612903224,1.6692872617927776,1.4827422927315574,1.054495306205845,True,False,-1,PV-/PNN+,0.0,0.0,296.31705237,19.42376350908454,0.8212808966636658,False,NONE
300,721,2309,296.31705237,19.42376350908454,26616.0,71.35656836461126,50.854838709677416,4.491482992304546,3.2010177671910993,1.742427958349658,True,False,-1,PV-/PNN+,0.0,0.0,296.31705237,19.42376350908454,1.4394677877426147,True,A
301,608,2483,296.31705237,19.42376350908454,15445.0,41.40750670241287,35.024193548387096,2.6063628951060904,2.204570276389303,1.571700146868712,True,False,-1,PV-/PNN+,0.0,0.0,296.31705237,19.42376350908454,0.4711402356624603,True,A
302,1196,269,296.31705237,19.42376350908454,27403.0,73.46648793565684,66.54032258064517,4.624290217843458,4.188328194908621,1.1758459565231842,True,False,-1,PV-/PNN+,0.0,0.0,296.31705237,19.42376350908454,1.971055030822754,False,NONE
303,1101,1215,296.31705237,19.42376350908454,23748.0,63.66756032171582,38.82258064516129,4.007504437227546,2.4436567604278387,1.1314902015796051,True,False,-1,PV-/PNN+,0.0,0.0,296.31705237,19.42376350908454,1.5155925750732422,True,C
304,481,2338,296.31705237,19.42376350908454,14513.0,38.9088471849866,28.298387096774192,2.4490867398300225,1.7812196868178827,1.3080763203172505,True,False,-1,PV-/PNN+,0.0,0.0,296.31705237,19.42376350908454,0.8421268463134766,True,A
305,619,2599,296.31705237,19.42376350908454,26568.0,71.22788203753352,71.14516129032258,4.483382932805349,4.478176140526464,1.6779865785259678,True,False,-1,PV-/PNN+,0.0,0.0,296.31705237,19.42376350908454,2.1441798210144043,False,NONE
306,1019,631,296.31705237,19.42376350908454,17864.0,47.892761394101875,45.564516129032256,3.0145721436176887,2.8680225792308454,1.196768482439967,True,False,-1,PV-/PNN+,0.0,0.0,296.31705237,19.42376350908454,0.960347056388855,False,NONE
307,614,2547,296.31705237,19.42376350908454,20164.0,54.05898123324397,45.42741935483871,3.4026999946208623,2.8593931307623635,1.7466124635330147,True,False,-1,PV-/PNN+,0.0,0.0,296.31705237,19.42376350908454,0.7961896061897278,True,A
308,1197,625,296.31705237,19.42376350908454,15650.0,41.957104557640754,30.306451612903224,2.6409568992172434,1.907615726150357,1.4461649913680161,True,True,171,PV+/PNN+,114.39585936,12.068692219586765,296.31705237,19.42376350908454,0.5275424122810364,False,NONE
309,1159,756,296.31705237,19.42376350908454,24777.0,66.42627345844504,49.153225806451616,4.1811494627415735,3.093911083258762,1.2059743938433514,True,False,-1,PV-/PNN+,0.0,0.0,296.31705237,19.42376350908454,2.287895441055298,False,NONE
310,1137,1170,296.31705237,19.42376350908454,12626.0,33.84986595174263,28.983870967741936,2.130653150767854,1.8243669291602937,1.1925839772566105,True,False,-1,PV-/PNN+,0.0,0.0,296.31705237,19.42376350908454,0.327644407749176,True,C
311,617,1864,296.31705237,19.42376350908454,24539.0,65.78820375335121,49.54838709677419,4.140986667724724,3.118784199432622,1.1139152798095076,True,False,-1,PV-/PNN+,0.0,0.0,296.31705237,19.42376350908454,1.2622109651565552,True,B
312,1159,722,296.31705237,19.42376350908454,18276.0,48.997319034852545,38.395161290322584,3.0840976543191267,2.4167531857908067,1.1465544202396885,True,False,-1,PV-/PNN+,0.0,0.0,296.31705237,19.42376350908454,1.1597505807876587,False,NONE
313,665,1179,296.31705237,19.42376350908454,29846.0,80.01608579088472,55.806451612903224,5.036549496104654,3.5126931412880444,1.1490651233497025,True,False,-1,PV-/PNN+,0.0,0.0,296.31705237,19.42376350908454,1.3522734642028809,True,C
314,1157,171,296.31705237,19.42376350908454,24712.0,66.2520107238606,62.29838709677419,4.170180632169745,3.921322907001466,1.1666400451197998,True,False,-1,PV-/PNN+,0.0,0.0,296.31705237,19.42376350908454,1.1514514684677124,False,NONE
315,618,1442,296.31705237,19.42376350908454,30227.0,81.03753351206434,58.903225806451616,5.100843718379528,3.7076171537525835,1.3574534814808574,True,False,-1,PV-/PNN+,0.0,0.0,296.31705237,19.42376350908454,1.8956557512283325,True,C
316,614,2028,296.31705237,19.42376350908454,23589.0,63.24128686327078,48.443548387096776,3.980672990136457,3.0492409970689716,1.1950946803666243,True,False,-1,PV-/PNN+,0.0,0.0,296.31705237,19.42376350908454,0.5740185976028442,True,B
317,617,908,296.31705237,19.42376350908454,13592.0,36.43967828418231,31.20967741935484,2.2936668481891864,1.964468563119181,1.2109958000633791,True,False,-1,PV-/PNN+,0.0,0.0,296.31705237,19.42376350908454,0.012546133249998093,False,NONE
318,722,582,296.31705237,19.42376350908454,53369.0,143.08042895442358,110.63709677419355,9.006084904429715,6.963964914065127,1.2176910083567496,True,False,-1,PV-/PNN+,0.0,0.0,296.31705237,19.42376350908454,2.0481019020080566,False,NONE
319,427,1766,296.31705237,19.42376350908454,19371.0,51.93297587131367,46.903225806451616,3.2688802616445507,2.952286605452495,1.1683138471931425,True,False,-1,PV-/PNN+,0.0,0.0,296.31705237,19.42376350908454,1.324473261833191,False,NONE
320,616,1742,296.31705237,19.42376350908454,21708.0,58.19839142091153,53.443548387096776,3.6632519085116875,3.363962058860675,1.1699876492664851,True,False,-1,PV-/PNN+,0.0,0.0,296.31705237,19.42376350908454,0.8569297790527344,True,C
321,602,2238,296.31705237,19.42376350908454,12914.0,34.62198391420912,26.991935483870968,2.179253507763034,1.6989861190594053,1.4461649913680161,True,False,-1,PV-/PNN+,0.0,0.0,296.31705237,19.42376350908454,0.034002240747213364,False,NONE
322,1164,2654,296.31705237,19.42376350908454,18617.0,49.911528150134046,39.78225806451613,3.141641827011336,2.5040628997072143,2.1935176171154915,True,True,161,PV+/PNN+,135.05066730000001,13.113041224263421,296.31705237,19.42376350908454,0.38761693239212036,False,NONE
323,732,1758,296.31705237,19.42376350908454,24100.0,64.6112600536193,48.774193548387096,4.0669048735549875,3.070053196316487,1.3315095493440472,True,False,-1,PV-/PNN+,0.0,0.0,296.31705237,19.42376350908454,0.3937033414840698,True,C
324,1184,425,296.31705237,19.42376350908454,19625.0,52.61394101876676,56.58064516129032,3.311743076494466,3.561424144404179,1.4143627519745063,True,True,166,PV+/PNN+,204.95924802,16.154325106244645,296.31705237,19.42376350908454,-0.43976542353630066,False,NONE
325,595,1389,296.31705237,19.42376350908454,24880.0,66.7024128686327,59.49193548387097,4.198530840416933,3.7446730207054775,1.2486563467135878,True,False,-1,PV-/PNN+,0.0,0.0,296.31705237,19.42376350908454,0.7551978230476379,True,C
326,611,1151,296.31705237,19.42376350908454,36908.0,98.94906166219839,74.21774193548387,6.228270749923962,4.671577309143624,1.1917470762199391,True,False,-1,PV-/PNN+,0.0,0.0,296.31705237,19.42376350908454,1.8822392225265503,True,C
327,1074,1159,296.31705237,19.42376350908454,14045.0,37.65415549597855,27.274193548387096,2.3701111597128546,1.7167526306121628,0.9632730932086727,True,False,-1,PV-/PNN+,0.0,0.0,296.31705237,19.42376350908454,0.475580096244812,True,C
328,584,50,296.31705237,19.42376350908454,9727.0,26.07774798927614,21.29032258064516,1.641443307264289,1.3401025856937048,1.0536584051691735,True,False,-1,PV-/PNN+,0.0,0.0,296.31705237,19.42376350908454,-0.7021662592887878,False,NONE
329,633,1349,296.31705237,19.42376350908454,37518.0,100.58445040214477,71.45967741935483,6.331209006059586,4.497973110542393,1.2662312684836854,True,False,-1,PV-/PNN+,0.0,0.0,296.31705237,19.42376350908454,0.9469853639602661,True,C
330,627,1187,296.31705237,19.42376350908454,38621.0,103.54155495978553,80.63709677419355,6.517341623301543,5.075638543314907,1.0787654362693129,True,False,-1,PV-/PNN+,0.0,0.0,296.31705237,19.42376350908454,0.9546393156051636,True,C
331,436,1737,296.31705237,19.42376350908454,24466.0,65.59249329758713,47.725806451612904,4.128667827236362,3.0040632962633884,1.0871344466360258,True,False,-1,PV-/PNN+,0.0,0.0,296.31705237,19.42376350908454,0.6303768754005432,True,C
332,1171,538,296.31705237,19.42376350908454,15427.0,41.35924932975871,36.33870967741935,2.6033253727938916,2.2873114587635732,1.361637986664214,True,False,-1,PV-/PNN+,0.0,0.0,296.31705237,19.42376350908454,0.6077861189842224,False,NONE
333,1023,1756,296.31705237,19.42376350908454,11533.0,30.919571045576408,24.120967741935484,1.9462080459215632,1.5182753158370723,1.4018092364244368,True,False,-1,PV-/PNN+,0.0,0.0,296.31705237,19.42376350908454,-0.007127750664949417,True,C
334,1172,133,296.31705237,19.42376350908454,25442.0,68.20911528150134,63.33064516129032,4.293369037053361,3.9862975778229788,1.2151803052467356,True,False,-1,PV-/PNN+,0.0,0.0,296.31705237,19.42376350908454,0.6994673013687134,False,NONE
335,598,1175,296.31705237,19.42376350908454,21248.0,56.96514745308311,54.653225806451616,3.5856263383110534,3.4401042512296356,1.1791935606698696,True,False,-1,PV-/PNN+,0.0,0.0,296.31705237,19.42376350908454,-0.5331252813339233,True,C
336,476,1764,296.31705237,19.42376350908454,26145.0,70.09383378016086,71.46774193548387,4.412001158468679,4.498480725158187,1.1716614513398278,True,False,-1,PV-/PNN+,0.0,0.0,296.31705237,19.42376350908454,0.41236692667007446,False,NONE
337,371,1753,296.31705237,19.42376350908454,14071.0,37.72386058981233,36.524193548387096,2.3744986919415862,2.2989865949268142,1.200116086586652,True,False,-1,PV-/PNN+,0.0,0.0,296.31705237,19.42376350908454,0.5853415727615356,False,NONE
338,523,1173,296.31705237,19.42376350908454,13393.0,35.90616621983914,28.862903225806452,2.2600853515154338,1.8167527099233975,1.2419611384202174,True,False,-1,PV-/PNN+,0.0,0.0,296.31705237,19.42376350908454,0.14438104629516602,True,C
339,616,2329,296.31705237,19.42376350908454,11384.0,30.5201072386059,27.95967741935484,1.9210641112261404,1.7598998729545738,1.4829886369815533,True,False,-1,PV-/PNN+,0.0,0.0,296.31705237,19.42376350908454,-0.2374672293663025,True,A
340,816,1745,296.31705237,19.42376350908454,18390.0,49.3029490616622,44.58870967741935,3.103335295629719,2.806601210719884,1.370006997030927,True,False,-1,PV-/PNN+,0.0,0.0,296.31705237,19.42376350908454,0.5790224075317383,True,C
341,614,999,296.31705237,19.42376350908454,22111.0,59.27882037533512,45.29032258064516,3.7312586580570266,2.850763682293881,1.2344290290901758,True,False,-1,PV-/PNN+,0.0,0.0,296.31705237,19.42376350908454,-0.5605913400650024,True,C
342,617,1576,296.31705237,19.42376350908454,21898.0,58.707774798927616,49.67741935483871,3.695314644029341,3.1269060332853114,1.3164453306839636,True,False,-1,PV-/PNN+,0.0,0.0,296.31705237,19.42376350908454,0.1900152862071991,True,C
343,637,431,296.31705237,19.42376350908454,25690.0,68.8739946380697,56.83064516129032,4.335219344465877,3.577160197493764,1.1214473891395496,True,False,-1,PV-/PNN+,0.0,0.0,296.31705237,19.42376350908454,0.35460278391838074,False,NONE
344,775,1756,296.31705237,19.42376350908454,15677.0,42.029490616621985,41.975806451612904,2.645513182685541,2.6421340752029296,1.3649855908108994,True,False,-1,PV-/PNN+,0.0,0.0,296.31705237,19.42376350908454,-0.6068637371063232,True,C
345,600,283,296.31705237,19.42376350908454,11207.0,30.0455764075067,24.79032258064516,1.8911951418228525,1.5604073289478972,1.2335921280535043,True,False,-1,PV-/PNN+,0.0,0.0,296.31705237,19.42376350908454,-1.9252506494522095,False,NONE
346,658,1757,296.31705237,19.42376350908454,13242.0,35.501340482573724,39.92741935483871,2.234603914340877,2.51319996279149,1.3323464503807185,True,False,-1,PV-/PNN+,0.0,0.0,296.31705237,19.42376350908454,-0.5993974208831787,True,C
347,1191,1469,296.31705237,19.42376350908454,6894.0,18.482573726541556,17.338709677419356,1.1633710455721198,1.0913714239551007,1.5022373608249935,True,False,-1,PV-/PNN+,0.0,0.0,296.31705237,19.42376350908454,-0.3714863359928131,False,NONE
348,436,1178,296.31705237,19.42376350908454,8629.0,23.134048257372655,20.20967741935484,1.4561544462201657,1.2720822271774335,1.3515951742241585,True,False,-1,PV-/PNN+,0.0,0.0,296.31705237,19.42376350908454,-1.1026087999343872,False,NONE
349,1686,1765,296.31705237,19.42376350908454,6284.0,16.847184986595174,15.653225806451612,1.0604327894364955,0.9852799692543488,2.5358101411140557,True,False,-1,PV-/PNN+,0.0,0.0,296.31705237,19.42376350908454,-0.31904828548431396,False,NONE
350,1241,593,296.31705237,19.42376350908454,6376.0,17.093833780160857,16.18548387096774,1.0759579034766225,1.0187825338966914,1.112241477736165,True,False,-1,PV-/PNN+,0.0,0.0,296.31705237,19.42376350908454,-1.1751757860183716,False,NONE
351,594,2305,296.31705237,19.42376350908454,10100.0,27.07774798927614,21.846774193548388,1.7043875196226297,1.3751279941834267,1.6336308235823884,True,False,-1,PV-/PNN+,0.0,0.0,296.31705237,19.42376350908454,-0.28656452894210815,True,A
352,577,308,296.31705237,19.42376350908454,21319.0,57.15549597855228,37.03225806451613,3.5976076763202816,2.3309663157217773,1.139022310909647,True,False,-1,PV-/PNN+,0.0,0.0,296.31705237,19.42376350908454,-0.002635125070810318,False,NONE
353,621,2159,296.31705237,19.42376350908454,7975.0,21.380697050938338,20.475806451612904,1.3457911355436112,1.2888335094986048,1.4143627519745063,True,False,-1,PV-/PNN+,0.0,0.0,296.31705237,19.42376350908454,-0.5182957053184509,True,B
354,1163,351,296.31705237,19.42376350908454,22472.0,60.24664879356568,56.13709677419355,3.792177855540568,3.5335053405355605,1.4218948613045481,True,False,-1,PV-/PNN+,0.0,0.0,296.31705237,19.42376350908454,0.07804280519485474,False,NONE
355,586,1019,296.31705237,19.42376350908454,15823.0,42.420911528150135,32.74193548387097,2.6701508636622644,2.0609153401198643,1.2586991591536436,True,False,-1,PV-/PNN+,0.0,0.0,296.31705237,19.42376350908454,-1.034159541130066,True,C
356,703,1766,296.31705237,19.42376350908454,14102.0,37.806970509383376,45.04838709677419,2.379729980368151,2.835535243820089,1.2176910083567496,True,False,-1,PV-/PNN+,0.0,0.0,296.31705237,19.42376350908454,-0.5804416537284851,True,C
357,853,1186,296.31705237,19.42376350908454,17724.0,47.51742627345845,41.83870967741935,2.9909469700783653,2.6335046267344473,1.5591466313186424,True,False,-1,PV-/PNN+,0.0,0.0,296.31705237,19.42376350908454,-1.049765944480896,True,C
358,529,2335,296.31705237,19.42376350908454,15584.0,41.78016085790885,29.387096774193548,2.6298193174058477,1.8497476599499472,1.4043199395344506,True,False,-1,PV-/PNN+,0.0,0.0,296.31705237,19.42376350908454,-0.7600135803222656,True,A
359,579,2674,296.31705237,19.42376350908454,16270.0,43.61930294906166,34.153225806451616,2.745582667748533,2.1497478978836515,1.7323851459096025,True,False,-1,PV-/PNN+,0.0,0.0,296.31705237,19.42376350908454,0.3100619912147522,False,NONE
360,610,2786,296.31705237,19.42376350908454,11580.0,31.0455764075067,24.274193548387096,1.9541393541811931,1.5279199935371408,1.8369977754935156,True,False,-1,PV-/PNN+,0.0,0.0,296.31705237,19.42376350908454,-0.8078231811523438,False,NONE
361,989,1186,296.31705237,19.42376350908454,17456.0,46.79892761394102,37.24193548387097,2.945721637874517,2.3441642957323974,1.4386328820379743,True,False,-1,PV-/PNN+,0.0,0.0,296.31705237,19.42376350908454,-0.6506010293960571,True,C
362,849,1745,296.31705237,19.42376350908454,16717.0,44.81769436997319,43.314516129032256,2.821014471834802,2.726398101424579,1.4403066841113168,True,False,-1,PV-/PNN+,0.0,0.0,296.31705237,19.42376350908454,0.7212189435958862,True,C
363,1169,459,296.31705237,19.42376350908454,12677.0,33.98659517426273,33.266129032258064,2.13925946398575,2.0939102901464137,1.0879713476726973,True,False,-1,PV-/PNN+,0.0,0.0,296.31705237,19.42376350908454,-1.0525966882705688,False,NONE
364,615,620,296.31705237,19.42376350908454,7292.0,19.549597855227884,17.81451612903226,1.2305340389196255,1.1213206862868919,1.2202017114667634,True,False,-1,PV-/PNN+,0.0,0.0,296.31705237,19.42376350908454,-1.505119800567627,False,NONE
365,1174,807,296.31705237,19.42376350908454,8482.0,22.739946380697052,20.508064516129032,1.431348014003876,1.290863967961777,1.1273056963962484,True,False,-1,PV-/PNN+,0.0,0.0,296.31705237,19.42376350908454,-0.5514890551567078,False,NONE
366,641,594,296.31705237,19.42376350908454,19383.0,51.96514745308311,34.056451612903224,3.27090527651935,2.1436565224941346,1.3331833514173899,True,False,-1,PV-/PNN+,0.0,0.0,296.31705237,19.42376350908454,0.10230569541454315,False,NONE
367,1199,2637,296.31705237,19.42376350908454,13051.0,34.98927613941019,36.70161290322581,2.2023724275836574,2.3101541164742616,2.015257696304504,True,False,-1,PV-/PNN+,0.0,0.0,296.31705237,19.42376350908454,-0.44449934363365173,False,NONE
368,1432,1745,296.31705237,19.42376350908454,6768.0,18.144772117962468,19.596774193548388,1.1421083893867285,1.2335035163771602,1.7541445728630565,True,False,-1,PV-/PNN+,0.0,0.0,296.31705237,19.42376350908454,-0.6306695342063904,False,NONE
369,572,1745,296.31705237,19.42376350908454,12542.0,33.624664879356565,33.50806451612903,2.1164780466442594,2.1091387286202057,1.103872467369452,True,False,-1,PV-/PNN+,0.0,0.0,296.31705237,19.42376350908454,-1.0227864980697632,True,C
370,1664,2356,296.31705237,19.42376350908454,8153.0,21.857908847184987,25.024193548387096,1.3758288561864653,1.5751281528058962,2.1926807160788204,True,False,-1,PV-/PNN+,0.0,0.0,296.31705237,19.42376350908454,-1.3787238597869873,False,NONE
371,592,1503,296.31705237,19.42376350908454,16644.0,44.62198391420912,57.37096774193548,2.8086956313464406,3.6111703767519,1.278784784033755,True,False,-1,PV-/PNN+,0.0,0.0,296.31705237,19.42376350908454,-0.7036064267158508,True,C
372,619,334,296.31705237,19.42376350908454,7941.0,21.289544235924932,20.798387096774192,1.3400535933983468,1.3091380941303274,1.2260600187234627,True,False,-1,PV-/PNN+,0.0,0.0,296.31705237,19.42376350908454,-0.36915266513824463,False,NONE
373,1744,1721,296.31705237,19.42376350908454,3958.0,10.611260053619302,11.85483870967742,0.667917406204591,0.746193485215813,1.6612485577925415,True,False,-1,PV-/PNN+,0.0,0.0,296.31705237,19.42376350908454,-1.9143856763839722,False,NONE
374,624,737,296.31705237,19.42376350908454,7944.0,21.297587131367294,22.64516129032258,1.3405598471170468,1.4253818411469406,1.3223036379406627,True,False,-1,PV-/PNN+,0.0,0.0,296.31705237,19.42376350908454,-1.125497579574585,False,NONE
375,1178,945,296.31705237,19.42376350908454,10207.0,27.364611260053618,25.733870967741936,1.7224439022562554,1.6197982389956864,1.1791935606698696,True,False,-1,PV-/PNN+,0.0,0.0,296.31705237,19.42376350908454,-0.6066355109214783,False,NONE
376,494,1168,296.31705237,19.42376350908454,5536.0,14.841823056300267,17.14516129032258,0.934206862240681,1.079188673176067,1.3482475700774732,True,False,-1,PV-/PNN+,0.0,0.0,296.31705237,19.42376350908454,-0.5902368426322937,True,C
377,615,2667,296.31705237,19.42376350908454,14757.0,39.56300268096515,39.78225806451613,2.490262042284272,2.5040628997072143,1.8913963428771503,True,False,-1,PV-/PNN+,0.0,0.0,296.31705237,19.42376350908454,-0.9549822807312012,False,NONE
378,591,1622,296.31705237,19.42376350908454,14788.0,39.64611260053619,39.08870967741935,2.4954933307108362,2.4604080427490103,1.1783566596331982,True,False,-1,PV-/PNN+,0.0,0.0,296.31705237,19.42376350908454,-0.08581188321113586,True,C
379,906,1168,296.31705237,19.42376350908454,11469.0,30.74798927613941,30.403225806451612,1.9354079665893011,1.913707101539874,1.4218948613045481,True,False,-1,PV-/PNN+,0.0,0.0,296.31705237,19.42376350908454,-1.6877855062484741,True,C
380,716,620,296.31705237,19.42376350908454,20771.0,55.68632707774799,49.03225806451613,3.5051319970377866,3.0862968640218655,1.084623743526012,True,False,-1,PV-/PNN+,0.0,0.0,296.31705237,19.42376350908454,-0.4570710361003876,False,NONE
381,1323,591,296.31705237,19.42376350908454,4231.0,11.343163538873995,12.774193548387096,0.713986494606272,0.8040615514162228,1.2034636907333374,True,False,-1,PV-/PNN+,0.0,0.0,296.31705237,19.42376350908454,-0.743207573890686,False,NONE
382,623,1117,296.31705237,19.42376350908454,12320.0,33.029490616621985,35.306451612903224,2.079015271460475,2.2223367879420604,1.1925839772566105,True,False,-1,PV-/PNN+,0.0,0.0,296.31705237,19.42376350908454,-0.10033455491065979,True,C
383,69,2522,6918.56624421,93.85623119962789,17846.0,2.049144563095648,0.0,0.0,0.0,0.8383876435190842,False,True,1,PV+/PNN-,6918.56624421,93.85623119962789,0.0,0.0,0.0,False,NONE
384,249,1874,100.09637694,11.289227848029503,1226.0,9.73015873015873,0.0,0.0,0.0,1.409693375555618,False,True,2,PV+/PNN-,100.09637694,11.289227848029503,0.0,0.0,0.0,False,NONE
385,274,1865,99.30196125,11.244340084382843,1148.0,9.184,0.0,0.0,0.0,1.7656000742530131,False,True,4,PV+/PNN-,99.30196125,11.244340084382843,0.0,0.0,0.0,False,NONE
386,290,2044,52.43143554,8.17054325713784,802.0,12.151515151515152,0.0,0.0,0.0,1.622307298949851,False,True,5,PV+/PNN-,52.43143554,8.17054325713784,0.0,0.0,0.0,False,NONE
387,310,2805,113.60144367,12.026714032504808,1883.0,13.167832167832168,0.0,0.0,0.0,3.4687324037200895,False,True,6,PV+/PNN-,113.60144367,12.026714032504808,0.0,0.0,0.0,False,NONE
388,322,2188,106.45170246,11.642101063659146,2005.0,14.962686567164178,0.0,0.0,0.0,1.9615086640538077,False,True,7,PV+/PNN-,106.45170246,11.642101063659146,0.0,0.0,0.0,True,B
389,332,2677,106.45170246,11.642101063659146,1792.0,13.373134328358208,0.0,0.0,0.0,2.8793642621977513,False,True,8,PV+/PNN-,106.45170246,11.642101063659146,0.0,0.0,0.0,False,NONE
390,335,1571,92.94663573,10.878572156378345,2200.0,18.803418803418804,0.0,0.0,0.0,1.867648381836563,False,True,9,PV+/PNN-,92.94663573,10.878572156378345,0.0,0.0,0.0,False,NONE
391,353,1125,100.89079263,11.333937836259333,1337.0,10.527559055118111,0.0,0.0,0.0,1.5903162526056915,False,True,10,PV+/PNN-,100.89079263,11.333937836259333,0.0,0.0,0.0,False,NONE
392,358,1139,108.04053384,11.728660627684029,1912.0,14.058823529411764,0.0,0.0,0.0,1.3978524175525275,False,True,11,PV+/PNN-,108.04053384,11.728660627684029,0.0,0.0,0.0,False,NONE
393,361,2042,109.62936522,11.814586030086609,2149.0,15.572463768115941,0.0,0.0,0.0,1.6920198321408764,False,True,13,PV+/PNN-,109.62936522,11.814586030086609,0.0,0.0,0.0,True,B
394,365,1953,81.82481607,10.206987389088184,1779.0,17.271844660194176,0.0,0.0,0.0,1.4971753283410494,False,True,14,PV+/PNN-,81.82481607,10.206987389088184,0.0,0.0,0.0,True,B
395,390,1040,69.90858072,9.434530697868027,808.0,9.181818181818182,0.0,0.0,0.0,1.4047383900527863,False,True,15,PV+/PNN-,69.90858072,9.434530697868027,0.0,0.0,0.0,False,NONE
396,400,2401,164.44404783,14.469853647963289,1923.0,9.289855072463768,0.0,0.0,0.0,1.5834410193831732,False,True,16,PV+/PNN-,164.44404783,14.469853647963289,0.0,0.0,0.0,True,A
397,398,2710,74.67507486,9.75085936304132,3245.0,34.52127659574468,0.0,0.0,0.0,2.2548873920705486,False,True,17,PV+/PNN-,74.67507486,9.75085936304132,0.0,0.0,0.0,False,NONE
398,407,2703,112.80702798,11.984588810142046,3711.0,26.133802816901408,0.0,0.0,0.0,2.811675118744153,False,True,18,PV+/PNN-,112.80702798,11.984588810142046,0.0,0.0,0.0,False,NONE
399,519,2821,140.61157713,13.380292240810528,8724.0,49.28813559322034,0.0,0.0,0.0,3.8694237636858926,False,True,21,PV+/PNN-,140.61157713,13.380292240810528,0.0,0.0,0.0,False,NONE
400,542,2730,204.16483233,16.12298787963261,10503.0,40.86770428015564,0.0,0.0,0.0,3.584421088669064,False,True,22,PV+/PNN-,204.16483233,16.12298787963261,0.0,0.0,0.0,False,NONE
401,560,2833,126.31209471,12.681701540530954,5162.0,32.465408805031444,0.0,0.0,0.0,2.575844539132433,False,True,23,PV+/PNN-,126.31209471,12.681701540530954,0.0,0.0,0.0,False,NONE
402,567,2741,142.9948242,13.493208101259413,6763.0,37.57222222222222,0.0,0.0,0.0,3.315876298494972,False,True,24,PV+/PNN-,142.9948242,13.493208101259413,0.0,0.0,0.0,False,NONE
403,577,2359,71.4974121,9.54113894836179,1292.0,14.355555555555556,0.0,0.0,0.0,3.021054661076486,False,True,25,PV+/PNN-,71.4974121,9.54113894836179,0.0,0.0,0.0,True,A
404,612,2656,197.01509112,15.838162927675212,8381.0,33.79435483870968,0.0,0.0,0.0,2.0026333141343935,False,True,26,PV+/PNN-,197.01509112,15.838162927675212,0.0,0.0,0.0,False,NONE
405,608,2846,76.26390624,9.854045933561641,3637.0,37.885416666666664,0.0,0.0,0.0,3.5606216136754654,False,True,27,PV+/PNN-,76.26390624,9.854045933561641,0.0,0.0,0.0,False,NONE
406,632,1025,58.78676106,8.651568001725998,2645.0,35.74324324324324,0.0,0.0,0.0,2.050158731428391,False,True,28,PV+/PNN-,58.78676106,8.651568001725998,0.0,0.0,0.0,True,C
407,653,2715,271.69016598,18.599103828985847,9185.0,26.85672514619883,0.0,0.0,0.0,1.8638569151967446,False,True,29,PV+/PNN-,271.69016598,18.599103828985847,0.0,0.0,0.0,False,NONE
408,654,2670,193.83742836,15.709916582774113,7324.0,30.016393442622952,0.0,0.0,0.0,2.1454884154084906,False,True,30,PV+/PNN-,193.83742836,15.709916582774113,0.0,0.0,0.0,False,NONE
409,676,2357,513.19253574,25.562023209579504,10980.0,16.9969040247678,0.0,0.0,0.0,1.6531166262024708,False,True,31,PV+/PNN-,513.19253574,25.562023209579504,0.0,0.0,0.0,True,A
410,678,2684,258.18509925,18.13095359396391,10887.0,33.49846153846154,0.0,0.0,0.0,2.288883134014215,False,True,32,PV+/PNN-,258.18509925,18.13095359396391,0.0,0.0,0.0,False,NONE
411,684,2731,189.86534991,15.548121162390995,7745.0,32.40585774058577,0.0,0.0,0.0,2.109393305379126,False,True,33,PV+/PNN-,189.86534991,15.548121162390995,0.0,0.0,0.0,False,NONE
412,691,2859,133.46183592,13.035677474005707,11651.0,69.35119047619048,0.0,0.0,0.0,3.989382702967371,False,True,34,PV+/PNN-,133.46183592,13.035677474005707,0.0,0.0,0.0,False,NONE
413,700,1749,264.54042477,18.352747205751005,11878.0,35.669669669669666,0.0,0.0,0.0,1.3039646984073578,False,True,35,PV+/PNN-,264.54042477,18.352747205751005,0.0,0.0,0.0,True,C
414,701,2568,126.31209471,12.681701540530954,3667.0,23.062893081761008,0.0,0.0,0.0,2.265643748596667,False,True,37,PV+/PNN-,126.31209471,12.681701540530954,0.0,0.0,0.0,False,NONE
415,716,2515,195.42625974,15.774170088491289,9409.0,38.2479674796748,0.0,0.0,0.0,2.7460287950083377,False,True,39,PV+/PNN-,195.42625974,15.774170088491289,0.0,0.0,0.0,True,A
416,720,1693,90.56338866,10.738197602350779,4773.0,41.86842105263158,0.0,0.0,0.0,2.311109554004974,False,True,41,PV+/PNN-,90.56338866,10.738197602350779,0.0,0.0,0.0,True,C
417,778,2858,134.25625161,13.074416571218995,16098.0,95.25443786982248,0.0,0.0,0.0,3.2361626027251567,False,True,42,PV+/PNN-,134.25625161,13.074416571218995,0.0,0.0,0.0,False,NONE
418,785,2765,116.77910643,12.193759728054031,5922.0,40.285714285714285,0.0,0.0,0.0,3.446546344755362,False,True,43,PV+/PNN-,116.77910643,12.193759728054031,0.0,0.0,0.0,False,NONE
419,793,928,102.47962401,11.422832828117684,6454.0,50.031007751937985,0.0,0.0,0.0,1.8850839032749709,False,True,44,PV+/PNN-,102.47962401,11.422832828117684,0.0,0.0,0.0,False,NONE
420,796,2831,66.73091796,9.217615939230159,3009.0,35.82142857142857,0.0,0.0,0.0,3.734820322759392,False,True,45,PV+/PNN-,66.73091796,9.217615939230159,0.0,0.0,0.0,False,NONE
421,803,2735,138.22833006,13.266415342325757,7118.0,40.9080459770115,0.0,0.0,0.0,4.147835450577321,False,True,46,PV+/PNN-,138.22833006,13.266415342325757,0.0,0.0,0.0,False,NONE
422,811,1725,392.44135086,22.353340844362364,16218.0,32.82995951417004,0.0,0.0,0.0,1.8635058534708355,False,True,47,PV+/PNN-,392.44135086,22.353340844362364,0.0,0.0,0.0,True,C
423,811,2722,190.65976560000001,15.580614658987523,7308.0,30.45,0.0,0.0,0.0,2.8914198528586517,False,True,48,PV+/PNN-,190.65976560000001,15.580614658987523,0.0,0.0,0.0,False,NONE
424,828,2666,137.43391437,13.228238528376714,4272.0,24.69364161849711,0.0,0.0,0.0,2.629035111505343,False,True,49,PV+/PNN-,137.43391437,13.228238528376714,0.0,0.0,0.0,False,NONE
425,833,2390,218.46431475,16.67805158443783,5872.0,21.35272727272727,0.0,0.0,0.0,2.6335297494322942,False,True,50,PV+/PNN-,218.46431475,16.67805158443783,0.0,0.0,0.0,True,A
426,834,2769,100.89079263,11.333937836259333,4797.0,37.77165354330709,0.0,0.0,0.0,3.888532166340346,False,True,51,PV+/PNN-,100.89079263,11.333937836259333,0.0,0.0,0.0,False,NONE
427,844,1511,173.18262042,14.84934209921784,14466.0,66.35779816513761,0.0,0.0,0.0,2.3326389779775627,False,True,52,PV+/PNN-,173.18262042,14.84934209921784,0.0,0.0,0.0,True,C
428,846,1916,199.39833819,15.933670303416713,7521.0,29.96414342629482,0.0,0.0,0.0,1.7063311829592056,False,True,53,PV+/PNN-,199.39833819,15.933670303416713,0.0,0.0,0.0,True,B
429,848,1575,135.05066730000001,13.113041224263421,6232.0,36.65882352941176,0.0,0.0,0.0,1.8234055180685187,False,True,54,PV+/PNN-,135.05066730000001,13.113041224263421,0.0,0.0,0.0,True,C
430,850,2269,217.66989906,16.647700237020825,3893.0,14.208029197080291,0.0,0.0,0.0,2.0962843776943445,False,True,55,PV+/PNN-,217.66989906,16.647700237020825,0.0,0.0,0.0,False,NONE
431,847,1049,63.5532552,8.995472067506276,1582.0,19.775,0.0,0.0,0.0,2.02906656340958,False,True,56,PV+/PNN-,63.5532552,8.995472067506276,0.0,0.0,0.0,False,NONE
432,857,2671,46.07611002,7.659368469073156,1687.0,29.086206896551722,0.0,0.0,0.0,3.2292836552937616,False,True,57,PV+/PNN-,46.07611002,7.659368469073156,0.0,0.0,0.0,False,NONE
433,865,1091,234.35262855,17.273883005349163,7496.0,25.410169491525423,0.0,0.0,0.0,2.039119305183969,False,True,58,PV+/PNN-,234.35262855,17.273883005349163,0.0,0.0,0.0,True,C
434,876,1675,295.52263668,19.397708817934607,16665.0,44.79838709677419,0.0,0.0,0.0,1.763894919887071,False,True,59,PV+/PNN-,295.52263668,19.397708817934607,0.0,0.0,0.0,True,C
435,885,1923,212.10898923,16.433671314756197,6451.0,24.16104868913858,0.0,0.0,0.0,1.716317899789838,False,True,63,PV+/PNN-,212.10898923,16.433671314756197,0.0,0.0,0.0,True,B
436,887,2195,166.03287921,14.539588286344586,6655.0,31.842105263157894,0.0,0.0,0.0,2.274765090962673,False,True,64,PV+/PNN-,166.03287921,14.539588286344586,0.0,0.0,0.0,True,B
437,887,975,100.89079263,11.333937836259333,2808.0,22.11023622047244,0.0,0.0,0.0,2.590716120937247,False,True,65,PV+/PNN-,100.89079263,11.333937836259333,0.0,0.0,0.0,False,NONE
438,894,1476,223.23080889,16.859012233282403,7889.0,28.07473309608541,0.0,0.0,0.0,2.7961459294289153,False,True,67,PV+/PNN-,223.23080889,16.859012233282403,0.0,0.0,0.0,True,C
439,893,2748,129.48975747,12.84022896403991,8324.0,51.06748466257669,0.0,0.0,0.0,4.320504168996709,False,True,68,PV+/PNN-,129.48975747,12.84022896403991,0.0,0.0,0.0,False,NONE
440,898,2373,195.42625974,15.774170088491289,4251.0,17.28048780487805,0.0,0.0,0.0,2.0899766291029263,False,True,69,PV+/PNN-,195.42625974,15.774170088491289,0.0,0.0,0.0,True,A
441,904,2148,201.78158526,16.028608603131524,4796.0,18.881889763779526,0.0,0.0,0.0,2.172858682076401,False,True,70,PV+/PNN-,201.78158526,16.028608603131524,0.0,0.0,0.0,True,B
442,915,2767,123.92884764,12.56149312576761,4262.0,27.32051282051282,0.0,0.0,0.0,2.9735630307954994,False,True,76,PV+/PNN-,123.92884764,12.56149312576761,0.0,0.0,0.0,False,NONE
443,920,2224,153.32222817,13.97196922387648,3736.0,19.357512953367877,0.0,0.0,0.0,2.4827558189188568,False,True,77,PV+/PNN-,153.32222817,13.97196922387648,0.0,0.0,0.0,False,NONE
444,935,1828,238.324707,17.4196567543629,6238.0,20.793333333333333,0.0,0.0,0.0,1.684645521107749,False,True,79,PV+/PNN-,238.324707,17.4196567543629,0.0,0.0,0.0,False,NONE
445,953,2017,173.18262042,14.84934209921784,4270.0,19.587155963302752,0.0,0.0,0.0,1.7970914164283862,False,True,84,PV+/PNN-,173.18262042,14.84934209921784,0.0,0.0,0.0,True,B
446,955,2332,163.64963214,14.434859996619657,2217.0,10.762135922330097,0.0,0.0,0.0,1.5138442844258182,False,True,86,PV+/PNN-,163.64963214,14.434859996619657,0.0,0.0,0.0,True,A
447,957,1335,160.47196938,14.294028726574819,4076.0,20.178217821782177,0.0,0.0,0.0,3.3627180822385734,False,True,87,PV+/PNN-,160.47196938,14.294028726574819,0.0,0.0,0.0,True,C
448,967,1493,266.12925615,18.40777805551592,10263.0,30.63582089552239,0.0,0.0,0.0,2.416243214200249,False,True,90,PV+/PNN-,266.12925615,18.40777805551592,0.0,0.0,0.0,True,C
449,969,996,104.06845539,11.51104134134072,3796.0,28.977099236641223,0.0,0.0,0.0,1.7991136293296923,False,True,91,PV+/PNN-,104.06845539,11.51104134134072,0.0,0.0,0.0,False,NONE
450,974,2003,178.74353025,15.085865274483455,4778.0,21.235555555555557,0.0,0.0,0.0,2.217058713387015,False,True,94,PV+/PNN-,178.74353025,15.085865274483455,0.0,0.0,0.0,True,B
451,974,2811,144.58365558,13.56796328882212,7989.0,43.895604395604394,0.0,0.0,0.0,3.284583659280935,False,True,96,PV+/PNN-,144.58365558,13.56796328882212,0.0,0.0,0.0,False,NONE
452,985,2669,64.34767089,9.051519164690074,2636.0,32.54320987654321,0.0,0.0,0.0,2.7516686159058694,False,True,97,PV+/PNN-,64.34767089,9.051519164690074,0.0,0.0,0.0,False,NONE
453,985,751,62.75883951,8.93907356753593,4124.0,52.20253164556962,0.0,0.0,0.0,2.45384680794031,False,True,98,PV+/PNN-,62.75883951,8.93907356753593,0.0,0.0,0.0,False,NONE
454,994,1196,112.01261229,11.942314996545514,5474.0,38.822695035460995,0.0,0.0,0.0,2.3157704586212997,False,True,101,PV+/PNN-,112.01261229,11.942314996545514,0.0,0.0,0.0,True,C
455,1001,2535,186.68768715,15.41746236559462,4832.0,20.561702127659576,0.0,0.0,0.0,1.963312851534769,False,True,103,PV+/PNN-,186.68768715,15.41746236559462,0.0,0.0,0.0,False,NONE
456,1011,2300,239.11912269,17.448665361891926,2666.0,8.857142857142858,0.0,0.0,0.0,1.628231282674695,False,True,104,PV+/PNN-,239.11912269,17.448665361891926,0.0,0.0,0.0,True,A
457,1010,2700,173.97703611,14.883361255142246,7758.0,35.42465753424658,0.0,0.0,0.0,2.783819457912828,False,True,105,PV+/PNN-,173.97703611,14.883361255142246,0.0,0.0,0.0,False,NONE
458,1013,1792,194.63184405,15.74207611813598,7181.0,29.31020408163265,0.0,0.0,0.0,2.1583916850334877,False,True,106,PV+/PNN-,194.63184405,15.74207611813598,0.0,0.0,0.0,True,C
459,1011,673,121.54560057,12.440123196106569,2983.0,19.49673202614379,0.0,0.0,0.0,2.1892291830452284,False,True,107,PV+/PNN-,121.54560057,12.440123196106569,0.0,0.0,0.0,False,NONE
460,1016,985,139.81716144,13.342441267550265,3735.0,21.22159090909091,0.0,0.0,0.0,1.8375113284023823,False,True,108,PV+/PNN-,139.81716144,13.342441267550265,0.0,0.0,0.0,False,NONE
461,1021,2430,235.14704424,17.303136003451996,4694.0,15.858108108108109,0.0,0.0,0.0,2.7746747028745355,False,True,109,PV+/PNN-,235.14704424,17.303136003451996,0.0,0.0,0.0,True,A
462,1023,2858,193.83742836,15.709916582774113,17015.0,69.73360655737704,0.0,0.0,0.0,2.6943342891176396,False,True,111,PV+/PNN-,193.83742836,15.709916582774113,0.0,0.0,0.0,False,NONE
463,1027,1840,259.77393063,18.186655579556263,6290.0,19.23547400611621,0.0,0.0,0.0,2.0543642646235787,False,True,112,PV+/PNN-,259.77393063,18.186655579556263,0.0,0.0,0.0,False,NONE
464,1031,2560,169.21054197,14.678063680958497,2984.0,14.009389671361502,0.0,0.0,0.0,1.7835854154347843,False,True,115,PV+/PNN-,169.21054197,14.678063680958497,0.0,0.0,0.0,False,NONE
465,1034,2447,275.66224443,18.73456886610221,7276.0,20.96829971181556,0.0,0.0,0.0,2.7680947974335086,False,True,116,PV+/PNN-,275.66224443,18.73456886610221,0.0,0.0,0.0,True,A
466,1045,2584,154.11664386,14.008119269352957,3779.0,19.47938144329897,0.0,0.0,0.0,2.2768669208759365,False,True,118,PV+/PNN-,154.11664386,14.008119269352957,0.0,0.0,0.0,False,NONE
467,1046,813,163.64963214,14.434859996619657,5356.0,26.0,0.0,0.0,0.0,2.279100904681112,False,True,119,PV+/PNN-,163.64963214,14.434859996619657,0.0,0.0,0.0,False,NONE
468,1052,788,116.77910643,12.193759728054031,3591.0,24.428571428571427,0.0,0.0,0.0,1.6563808680894532,False,True,120,PV+/PNN-,116.77910643,12.193759728054031,0.0,0.0,0.0,False,NONE
469,1063,1815,233.55821286,17.244580383732874,3449.0,11.731292517006803,0.0,0.0,0.0,45.580203785476954,False,True,122,PV+/PNN-,233.55821286,17.244580383732874,0.0,0.0,0.0,False,NONE
470,1061,157,125.51767902,12.64175907426016,5090.0,32.21518987341772,0.0,0.0,0.0,2.1989786612218722,False,True,123,PV+/PNN-,125.51767902,12.64175907426016,0.0,0.0,0.0,False,NONE
471,1064,1996,281.22315426,18.922590755469738,4397.0,12.42090395480226,0.0,0.0,0.0,2.1022575780827637,False,True,124,PV+/PNN-,281.22315426,18.922590755469738,0.0,0.0,0.0,False,NONE
472,1067,729,219.25873044,16.708347797572188,7954.0,28.818840579710145,0.0,0.0,0.0,2.031328622008699,False,True,125,PV+/PNN-,219.25873044,16.708347797572188,0.0,0.0,0.0,False,NONE
473,1069,2055,297.11146806,19.44978329772109,5689.0,15.211229946524064,0.0,0.0,0.0,1.4481408833877505,False,True,126,PV+/PNN-,297.11146806,19.44978329772109,0.0,0.0,0.0,False,NONE
474,1071,1827,137.43391437,13.228238528376714,1862.0,10.763005780346822,0.0,0.0,0.0,49.36342727896478,False,True,127,PV+/PNN-,137.43391437,13.228238528376714,0.0,0.0,0.0,False,NONE
475,1071,1838,119.95676919,12.358547737957586,1779.0,11.781456953642385,0.0,0.0,0.0,29.719674901249235,False,True,128,PV+/PNN-,119.95676919,12.358547737957586,0.0,0.0,0.0,False,NONE
476,1074,2759,246.2688639,17.707604472499426,9488.0,30.606451612903225,0.0,0.0,0.0,2.8447211124724885,False,True,130,PV+/PNN-,246.2688639,17.707604472499426,0.0,0.0,0.0,False,NONE
477,1079,1450,227.20288734,17.008342095551114,10850.0,37.93706293706294,0.0,0.0,0.0,2.5027701075299444,False,True,131,PV+/PNN-,227.20288734,17.008342095551114,0.0,0.0,0.0,True,C
478,1079,1027,113.60144367,12.026714032504808,3435.0,24.02097902097902,0.0,0.0,0.0,2.9382717529309255,False,True,132,PV+/PNN-,113.60144367,12.026714032504808,0.0,0.0,0.0,False,NONE
479,1086,329,237.53029131,17.39059975873043,13453.0,44.9933110367893,0.0,0.0,0.0,1.8907329798480834,False,True,133,PV+/PNN-,237.53029131,17.39059975873043,0.0,0.0,0.0,False,NONE
480,1084,783,143.78923989,13.53063732184699,3540.0,19.558011049723756,0.0,0.0,0.0,2.909507260919645,False,True,134,PV+/PNN-,143.78923989,13.53063732184699,0.0,0.0,0.0,False,NONE
481,1094,47,61.96442382,8.88231697105848,2034.0,26.076923076923077,0.0,0.0,0.0,1.8609782090442897,False,True,135,PV+/PNN-,61.96442382,8.88231697105848,0.0,0.0,0.0,False,NONE
482,1098,335,142.20040851,13.455674765407588,7834.0,43.76536312849162,0.0,0.0,0.0,1.642785305313128,False,True,137,PV+/PNN-,142.20040851,13.455674765407588,0.0,0.0,0.0,False,NONE
483,1099,669,135.84508299,13.151552441468574,5414.0,31.660818713450293,0.0,0.0,0.0,1.6520964821283584,False,True,138,PV+/PNN-,135.84508299,13.151552441468574,0.0,0.0,0.0,False,NONE
484,1101,2564,251.03535804,17.87814713507186,7649.0,24.205696202531644,0.0,0.0,0.0,2.5793051592319447,False,True,139,PV+/PNN-,251.03535804,17.87814713507186,0.0,0.0,0.0,False,NONE
485,1102,2751,99.30196125,11.244340084382843,7702.0,61.616,0.0,0.0,0.0,2.767022464317311,False,True,140,PV+/PNN-,99.30196125,11.244340084382843,0.0,0.0,0.0,False,NONE
486,1122,679,130.28417316,12.879555944225542,3717.0,22.664634146341463,0.0,0.0,0.0,1.566530752050736,False,True,142,PV+/PNN-,130.28417316,12.879555944225542,0.0,0.0,0.0,False,NONE
487,1124,1494,320.14952307,20.18977545691943,7393.0,18.344913151364764,0.0,0.0,0.0,1.5887060590009732,False,True,143,PV+/PNN-,320.14952307,20.18977545691943,0.0,0.0,0.0,True,C
488,1125,165,118.36793781,12.276430232296539,4884.0,32.77852348993289,0.0,0.0,0.0,2.0699202526057463,False,True,145,PV+/PNN-,118.36793781,12.276430232296539,0.0,0.0,0.0,False,NONE
489,1132,130,138.22833006,13.266415342325757,4683.0,26.913793103448278,0.0,0.0,0.0,2.045212981686049,False,True,146,PV+/PNN-,138.22833006,13.266415342325757,0.0,0.0,0.0,False,NONE
490,1130,1277,170.79937335,14.746813769937052,4103.0,19.08372093023256,0.0,0.0,0.0,1.6639071782950834,False,True,147,PV+/PNN-,170.79937335,14.746813769937052,0.0,0.0,0.0,True,C
491,1134,323,194.63184405,15.74207611813598,8340.0,34.04081632653061,0.0,0.0,0.0,2.1685847980678843,False,True,148,PV+/PNN-,194.63184405,15.74207611813598,0.0,0.0,0.0,False,NONE
492,1136,2682,231.17496579000002,17.156372232981727,8411.0,28.903780068728523,0.0,0.0,0.0,2.548803676796808,False,True,149,PV+/PNN-,231.17496579000002,17.156372232981727,0.0,0.0,0.0,False,NONE
493,1137,175,227.99730303,17.038051012682235,10516.0,36.641114982578394,0.0,0.0,0.0,2.300442659668326,False,True,150,PV+/PNN-,227.99730303,17.038051012682235,0.0,0.0,0.0,False,NONE
494,1136,787,109.62936522,11.814586030086609,2098.0,15.202898550724637,0.0,0.0,0.0,1.9521565710395403,False,True,151,PV+/PNN-,109.62936522,11.814586030086609,0.0,0.0,0.0,False,NONE
495,1141,2598,255.80185218,18.047078262479904,8852.0,27.490683229813666,0.0,0.0,0.0,3.33201231650202,False,True,153,PV+/PNN-,255.80185218,18.047078262479904,0.0,0.0,0.0,False,NONE
496,1139,2713,191.45418129,15.613040531021587,6968.0,28.91286307053942,0.0,0.0,0.0,2.6708811067670313,False,True,154,PV+/PNN-,191.45418129,15.613040531021587,0.0,0.0,0.0,False,NONE
497,1141,734,128.69534178,12.800781162784691,3973.0,24.52469135802469,0.0,0.0,0.0,2.1215596261291054,False,True,155,PV+/PNN-,128.69534178,12.800781162784691,0.0,0.0,0.0,False,NONE
498,1146,948,102.47962401,11.422832828117684,2778.0,21.53488372093023,0.0,0.0,0.0,2.4755338036589154,False,True,156,PV+/PNN-,102.47962401,11.422832828117684,0.0,0.0,0.0,False,NONE
499,1148,2805,126.31209471,12.681701540530954,5307.0,33.37735849056604,0.0,0.0,0.0,4.386003582638609,False,True,157,PV+/PNN-,126.31209471,12.681701540530954,0.0,0.0,0.0,False,NONE
500,1151,695,167.62171059,14.608990056788349,4511.0,21.379146919431278,0.0,0.0,0.0,1.645149120314585,False,True,158,PV+/PNN-,167.62171059,14.608990056788349,0.0,0.0,0.0,False,NONE
501,1153,94,119.95676919,12.358547737957586,3862.0,25.576158940397352,0.0,0.0,0.0,1.8213017242627003,False,True,159,PV+/PNN-,119.95676919,12.358547737957586,0.0,0.0,0.0,False,NONE
502,1162,2738,117.57352212,12.235164803834003,7082.0,47.851351351351354,0.0,0.0,0.0,2.788384612086762,False,True,162,PV+/PNN-,117.57352212,12.235164803834003,0.0,0.0,0.0,False,NONE
503,1171,2639,293.9338053,19.34549416382135,18174.0,49.11891891891892,0.0,0.0,0.0,2.768136130788704,False,True,163,PV+/PNN-,293.9338053,19.34549416382135,0.0,0.0,0.0,False,NONE
504,1169,2699,172.38820473,14.815244827816286,5863.0,27.018433179723502,0.0,0.0,0.0,2.9720322722468575,False,True,164,PV+/PNN-,172.38820473,14.815244827816286,0.0,0.0,0.0,False,NONE
505,1172,2752,220.84756182,16.76877601578504,14444.0,51.9568345323741,0.0,0.0,0.0,3.3754145487599323,False,True,165,PV+/PNN-,220.84756182,16.76877601578504,0.0,0.0,0.0,False,NONE
506,1176,845,85.00247883,10.403293586497956,1422.0,13.289719626168225,0.0,0.0,0.0,2.41854231641487,False,True,167,PV+/PNN-,85.00247883,10.403293586497956,0.0,0.0,0.0,False,NONE
507,1187,241,219.25873044,16.708347797572188,8932.0,32.36231884057971,0.0,0.0,0.0,27.73962460099407,False,True,168,PV+/PNN-,219.25873044,16.708347797572188,0.0,0.0,0.0,False,NONE
508,1190,614,159.67755369,14.258603569939103,6580.0,32.7363184079602,0.0,0.0,0.0,2.0112064290971348,False,True,169,PV+/PNN-,159.67755369,14.258603569939103,0.0,0.0,0.0,False,NONE
509,1189,1152,135.05066730000001,13.113041224263421,2060.0,12.117647058823529,0.0,0.0,0.0,1.7260837733981949,False,True,170,PV+/PNN-,135.05066730000001,13.113041224263421,0.0,0.0,0.0,True,C
510,1198,2031,96.91871418,11.108588547554572,1068.0,8.754098360655737,0.0,0.0,0.0,78.68837834115362,False,True,172,PV+/PNN-,96.91871418,11.108588547554572,0.0,0.0,0.0,False,NONE
511,1199,2616,163.64963214,14.434859996619657,4879.0,23.684466019417474,0.0,0.0,0.0,2.6746097717833526,False,True,173,PV+/PNN-,163.64963214,14.434859996619657,0.0,0.0,0.0,False,NONE
512,1203,2669,166.8272949,14.574330482319752,5388.0,25.65714285714286,0.0,0.0,0.0,2.3397441544371276,False,True,174,PV+/PNN-,166.8272949,14.574330482319752,0.0,0.0,0.0,False,NONE
513,1204,1776,107.24611815,11.68546099424064,961.0,7.118518518518519,0.0,0.0,0.0,1.2902782249373743,False,True,175,PV+/PNN-,107.24611815,11.68546099424064,0.0,0.0,0.0,False,NONE
514,1214,2640,229.58613441,17.097313977747916,12830.0,44.39446366782007,0.0,0.0,0.0,4.5355605535037675,False,True,176,PV+/PNN-,229.58613441,17.097313977747916,0.0,0.0,0.0,False,NONE
515,1218,2702,82.61923176,10.256416188536388,3090.0,29.71153846153846,0.0,0.0,0.0,2.8725099129925566,False,True,177,PV+/PNN-,82.61923176,10.256416188536388,0.0,0.0,0.0,False,NONE
516,1230,97,139.02274575,13.304482609502793,7881.0,45.034285714285716,0.0,0.0,0.0,1.6500101724429554,False,True,178,PV+/PNN-,139.02274575,13.304482609502793,0.0,0.0,0.0,False,NONE
517,1248,1730,45.28169433,7.593052342343362,482.0,8.456140350877194,0.0,0.0,0.0,1.1062657106848455,False,True,180,PV+/PNN-,45.28169433,7.593052342343362,0.0,0.0,0.0,False,NONE
518,1256,85,244.68003252,17.650390738211705,19352.0,62.83116883116883,0.0,0.0,0.0,1.6408884945854698,False,True,181,PV+/PNN-,244.68003252,17.650390738211705,0.0,0.0,0.0,False,NONE
519,1257,679,212.10898923,16.433671314756197,3569.0,13.367041198501873,0.0,0.0,0.0,1.5000244314920725,False,True,183,PV+/PNN-,212.10898923,16.433671314756197,0.0,0.0,0.0,False,NONE
520,1258,2654,161.26638507,14.329366305165495,8721.0,42.960591133004925,0.0,0.0,0.0,2.998620537058493,False,True,185,PV+/PNN-,161.26638507,14.329366305165495,0.0,0.0,0.0,False,NONE
521,1261,1807,77.85273762,9.956163126610313,956.0,9.755102040816327,0.0,0.0,0.0,1.0224966512629126,False,True,187,PV+/PNN-,77.85273762,9.956163126610313,0.0,0.0,0.0,False,NONE
522,1268,2835,133.46183592,13.035677474005707,11107.0,66.11309523809524,0.0,0.0,0.0,5.866083462164877,False,True,189,PV+/PNN-,133.46183592,13.035677474005707,0.0,0.0,0.0,False,NONE
523,1275,329,331.27134273,20.537472424847007,31646.0,75.88968824940048,0.0,0.0,0.0,2.3782860992260604,False,True,190,PV+/PNN-,331.27134273,20.537472424847007,0.0,0.0,0.0,False,NONE
524,1288,148,203.37041664,16.091589626115685,15203.0,59.38671875,0.0,0.0,0.0,2.0449186459362174,False,True,191,PV+/PNN-,203.37041664,16.091589626115685,0.0,0.0,0.0,False,NONE
525,1287,2755,169.21054197,14.678063680958497,10871.0,51.03755868544601,0.0,0.0,0.0,3.0307762030559857,False,True,192,PV+/PNN-,169.21054197,14.678063680958497,0.0,0.0,0.0,False,NONE
526,1294,655,265.33484046,18.380283226045986,4986.0,14.928143712574851,0.0,0.0,0.0,2.2159911662110154,False,True,194,PV+/PNN-,265.33484046,18.380283226045986,0.0,0.0,0.0,False,NONE
527,1294,2706,112.01261229,11.942314996545514,10949.0,77.65248226950355,0.0,0.0,0.0,3.3629592032942197,False,True,195,PV+/PNN-,112.01261229,11.942314996545514,0.0,0.0,0.0,False,NONE
528,1306,743,170.79937335,14.746813769937052,1989.0,9.251162790697675,0.0,0.0,0.0,1.2733390884509497,False,True,197,PV+/PNN-,170.79937335,14.746813769937052,0.0,0.0,0.0,False,NONE
529,1310,2570,194.63184405,15.74207611813598,4414.0,18.016326530612243,0.0,0.0,0.0,4.044117596396865,False,True,198,PV+/PNN-,194.63184405,15.74207611813598,0.0,0.0,0.0,False,NONE
530,1313,719,96.12429849,11.062967867954534,907.0,7.4958677685950414,0.0,0.0,0.0,1.41118806126515,False,True,201,PV+/PNN-,96.12429849,11.062967867954534,0.0,0.0,0.0,False,NONE
531,1338,2592,103.2740397,11.467021901548332,2121.0,16.315384615384616,0.0,0.0,0.0,2.379650845371472,False,True,204,PV+/PNN-,103.2740397,11.467021901548332,0.0,0.0,0.0,False,NONE
532,1348,56,142.20040851,13.455674765407588,8293.0,46.32960893854749,0.0,0.0,0.0,1.6462731722033894,False,True,206,PV+/PNN-,142.20040851,13.455674765407588,0.0,0.0,0.0,False,NONE
533,1359,2794,128.69534178,12.800781162784691,5319.0,32.833333333333336,0.0,0.0,0.0,3.1755951533703595,False,True,207,PV+/PNN-,128.69534178,12.800781162784691,0.0,0.0,0.0,False,NONE
534,1362,2664,176.36028318,14.984955344126572,6785.0,30.563063063063062,0.0,0.0,0.0,3.6475389227196473,False,True,208,PV+/PNN-,176.36028318,14.984955344126572,0.0,0.0,0.0,False,NONE
535,1378,51,226.40847165,16.97858119419376,7425.0,26.05263157894737,0.0,0.0,0.0,1.492911053132123,False,True,209,PV+/PNN-,226.40847165,16.97858119419376,0.0,0.0,0.0,False,NONE
536,1388,187,182.7156087,15.252564978953412,9180.0,39.91304347826087,0.0,0.0,0.0,1.5608204333919848,False,True,210,PV+/PNN-,182.7156087,15.252564978953412,0.0,0.0,0.0,False,NONE
537,1437,2659,132.66742023,12.996822909266468,6609.0,39.5748502994012,0.0,0.0,0.0,4.093648801351433,False,True,212,PV+/PNN-,132.66742023,12.996822909266468,0.0,0.0,0.0,False,NONE
538,1446,183,225.61405596,16.948768034767717,8727.0,30.72887323943662,0.0,0.0,0.0,2.2159253476889025,False,True,213,PV+/PNN-,225.61405596,16.948768034767717,0.0,0.0,0.0,False,NONE
539,1514,506,94.53546711,10.971157418634661,836.0,7.025210084033613,0.0,0.0,0.0,1.1725827457583482,False,True,215,PV+/PNN-,94.53546711,10.971157418634661,0.0,0.0,0.0,False,NONE
540,1522,565,152.52781248,13.93572540349032,2127.0,11.078125,0.0,0.0,0.0,1.108832849555556,False,True,216,PV+/PNN-,152.52781248,13.93572540349032,0.0,0.0,0.0,False,NONE
541,1559,1960,172.38820473,14.815244827816286,3184.0,14.672811059907835,0.0,0.0,0.0,1.8183198412972061,False,True,219,PV+/PNN-,172.38820473,14.815244827816286,0.0,0.0,0.0,False,NONE
542,1574,1893,200.19275388,15.965379131403353,2749.0,10.908730158730158,0.0,0.0,0.0,1.8234346650420648,False,True,220,PV+/PNN-,200.19275388,15.965379131403353,0.0,0.0,0.0,False,NONE
543,1576,2030,189.86534991,15.548121162390995,2385.0,9.97907949790795,0.0,0.0,0.0,1.892576408355637,False,True,221,PV+/PNN-,189.86534991,15.548121162390995,0.0,0.0,0.0,False,NONE
544,1575,2055,197.80950681,15.870062583211556,4158.0,16.698795180722893,0.0,0.0,0.0,2.1350017655153013,False,True,222,PV+/PNN-,197.80950681,15.870062583211556,0.0,0.0,0.0,False,NONE
545,1581,2099,203.37041664,16.091589626115685,3696.0,14.4375,0.0,0.0,0.0,2.0936942844797173,False,True,223,PV+/PNN-,203.37041664,16.091589626115685,0.0,0.0,0.0,False,NONE
546,1589,1904,291.55055823,19.266906861975738,4340.0,11.825613079019073,0.0,0.0,0.0,1.9869626879584068,False,True,224,PV+/PNN-,291.55055823,19.266906861975738,0.0,0.0,0.0,False,NONE
547,1589,2088,212.90340492,16.464417218744998,3483.0,12.996268656716419,0.0,0.0,0.0,2.187478189485185,False,True,225,PV+/PNN-,212.90340492,16.464417218744998,0.0,0.0,0.0,False,NONE
548,1590,2004,268.51250322,18.490017235133443,3649.0,10.79585798816568,0.0,0.0,0.0,2.0937159304731536,False,True,226,PV+/PNN-,268.51250322,18.490017235133443,0.0,0.0,0.0,False,NONE
549,1595,1867,270.10133460000003,18.544640743310826,4327.0,12.726470588235294,0.0,0.0,0.0,1.7618908303995406,False,True,228,PV+/PNN-,270.10133460000003,18.544640743310826,0.0,0.0,0.0,False,NONE
550,1596,2052,349.5429036,21.096251976241437,5826.0,13.24090909090909,0.0,0.0,0.0,2.08085742324486,False,True,229,PV+/PNN-,349.5429036,21.096251976241437,0.0,0.0,0.0,False,NONE
551,1604,1930,217.66989906,16.647700237020825,2819.0,10.288321167883211,0.0,0.0,0.0,2.037041558324722,False,True,230,PV+/PNN-,217.66989906,16.647700237020825,0.0,0.0,0.0,False,NONE
552,1603,2082,145.37807127,13.6051868520168,1941.0,10.60655737704918,0.0,0.0,0.0,1.9702159569046365,False,True,231,PV+/PNN-,145.37807127,13.6051868520168,0.0,0.0,0.0,False,NONE
553,1607,2033,332.86017411,20.58666404603435,4933.0,11.77326968973747,0.0,0.0,0.0,2.331172857319103,False,True,232,PV+/PNN-,332.86017411,20.58666404603435,0.0,0.0,0.0,False,NONE
554,1606,2170,199.39833819,15.933670303416713,5203.0,20.729083665338646,0.0,0.0,0.0,2.29334890770902,False,True,234,PV+/PNN-,199.39833819,15.933670303416713,0.0,0.0,0.0,False,NONE
555,1606,1912,244.68003252,17.650390738211705,3254.0,10.564935064935066,0.0,0.0,0.0,2.084810150316437,False,True,235,PV+/PNN-,244.68003252,17.650390738211705,0.0,0.0,0.0,False,NONE
556,1604,2068,189.07093422,15.515559616363333,3194.0,13.420168067226891,0.0,0.0,0.0,2.1025169367456735,False,True,236,PV+/PNN-,189.07093422,15.515559616363333,0.0,0.0,0.0,False,NONE
557,1605,2156,205.75366371,16.185601660417575,5416.0,20.91119691119691,0.0,0.0,0.0,2.426201955535186,False,True,237,PV+/PNN-,205.75366371,16.185601660417575,0.0,0.0,0.0,False,NONE
558,1607,2006,355.10381343,21.2634008979122,5829.0,13.04026845637584,0.0,0.0,0.0,2.419795437003681,False,True,238,PV+/PNN-,355.10381343,21.2634008979122,0.0,0.0,0.0,False,NONE
559,1610,1951,194.63184405,15.74207611813598,2884.0,11.771428571428572,0.0,0.0,0.0,2.0322519112328292,False,True,239,PV+/PNN-,194.63184405,15.74207611813598,0.0,0.0,0.0,False,NONE
560,1614,1985,248.65211097,17.79308013158149,3216.0,10.274760383386582,0.0,0.0,0.0,1.7154064827055682,False,True,240,PV+/PNN-,248.65211097,17.79308013158149,0.0,0.0,0.0,False,NONE
561,1616,2183,230.3805501,17.126868561566074,5669.0,19.548275862068966,0.0,0.0,0.0,2.2292821500377937,False,True,241,PV+/PNN-,230.3805501,17.126868561566074,0.0,0.0,0.0,False,NONE
562,1612,2445,155.70547524,14.080140922851225,2731.0,13.933673469387756,0.0,0.0,0.0,2.4097156282878296,False,True,242,PV+/PNN-,155.70547524,14.080140922851225,0.0,0.0,0.0,False,NONE
563,1616,2129,227.99730303,17.038051012682235,4025.0,14.024390243902438,0.0,0.0,0.0,2.0437502399606546,False,True,243,PV+/PNN-,227.99730303,17.038051012682235,0.0,0.0,0.0,False,NONE
564,1617,1966,198.6039225,15.90189824726965,2466.0,9.864,0.0,0.0,0.0,1.9091955541250758,False,True,244,PV+/PNN-,198.6039225,15.90189824726965,0.0,0.0,0.0,False,NONE
565,1619,2101,191.45418129,15.613040531021587,2975.0,12.344398340248963,0.0,0.0,0.0,2.1424041467471726,False,True,245,PV+/PNN-,191.45418129,15.613040531021587,0.0,0.0,0.0,False,NONE
566,1622,1906,375.75862137,21.873059594017732,4173.0,8.822410147991544,0.0,0.0,0.0,1.9139024341804465,False,True,246,PV+/PNN-,375.75862137,21.873059594017732,0.0,0.0,0.0,False,NONE
567,1617,1931,189.07093422,15.515559616363333,2241.0,9.415966386554622,0.0,0.0,0.0,2.229743476274264,False,True,247,PV+/PNN-,189.07093422,15.515559616363333,0.0,0.0,0.0,False,NONE
568,1620,2027,184.30444008,15.318736938146312,1920.0,8.275862068965518,0.0,0.0,0.0,1.7021015933110868,False,True,248,PV+/PNN-,184.30444008,15.318736938146312,0.0,0.0,0.0,False,NONE
569,1625,2089,166.8272949,14.574330482319752,2194.0,10.447619047619048,0.0,0.0,0.0,2.015688102551935,False,True,249,PV+/PNN-,166.8272949,14.574330482319752,0.0,0.0,0.0,False,NONE
570,1622,2233,216.87548337,16.61729345321425,4475.0,16.39194139194139,0.0,0.0,0.0,1.9015709748944107,False,True,250,PV+/PNN-,216.87548337,16.61729345321425,0.0,0.0,0.0,False,NONE
571,1626,2070,212.10898923,16.433671314756197,3472.0,13.00374531835206,0.0,0.0,0.0,1.7876362866339663,False,True,251,PV+/PNN-,212.10898923,16.433671314756197,0.0,0.0,0.0,False,NONE
572,1624,2115,164.44404783,14.469853647963289,3308.0,15.980676328502415,0.0,0.0,0.0,2.064505481462442,False,True,252,PV+/PNN-,164.44404783,14.469853647963289,0.0,0.0,0.0,False,NONE
573,1626,2203,197.80950681,15.870062583211556,3899.0,15.65863453815261,0.0,0.0,0.0,2.124972397268606,False,True,253,PV+/PNN-,197.80950681,15.870062583211556,0.0,0.0,0.0,False,NONE
574,1628,1973,178.74353025,15.085865274483455,1837.0,8.164444444444445,0.0,0.0,0.0,1.5760817887407064,False,True,254,PV+/PNN-,178.74353025,15.085865274483455,0.0,0.0,0.0,False,NONE
575,1630,1885,220.05314613000002,16.73858917579679,2187.0,7.8953068592057765,0.0,0.0,0.0,2.0499150673935165,False,True,255,PV+/PNN-,220.05314613000002,16.73858917579679,0.0,0.0,0.0,False,NONE
576,1633,2227,206.5480794,16.216817893198968,3919.0,15.073076923076924,0.0,0.0,0.0,2.305211717009701,False,True,256,PV+/PNN-,206.5480794,16.216817893198968,0.0,0.0,0.0,False,NONE
577,1636,2176,295.52263668,19.397708817934607,6325.0,17.002688172043012,0.0,0.0,0.0,2.406684410197964,False,True,257,PV+/PNN-,295.52263668,19.397708817934607,0.0,0.0,0.0,False,NONE
578,1635,2280,256.59626787,18.075079952341586,5351.0,16.56656346749226,0.0,0.0,0.0,2.1155640425356377,False,True,258,PV+/PNN-,256.59626787,18.075079952341586,0.0,0.0,0.0,False,NONE
579,1636,2030,262.95159339,18.2975508485499,3628.0,10.960725075528702,0.0,0.0,0.0,1.5240397706111466,False,True,259,PV+/PNN-,262.95159339,18.2975508485499,0.0,0.0,0.0,False,NONE
580,1638,2109,237.53029131,17.39059975873043,3141.0,10.505016722408026,0.0,0.0,0.0,1.646430651143251,False,True,260,PV+/PNN-,237.53029131,17.39059975873043,0.0,0.0,0.0,False,NONE
581,1639,2093,172.38820473,14.815244827816286,1843.0,8.493087557603687,0.0,0.0,0.0,1.6284320097693334,False,True,261,PV+/PNN-,172.38820473,14.815244827816286,0.0,0.0,0.0,False,NONE
582,1643,2213,359.07589188000003,21.38199301053725,7646.0,16.91592920353982,0.0,0.0,0.0,2.489715779813321,False,True,262,PV+/PNN-,359.07589188000003,21.38199301053725,0.0,0.0,0.0,False,NONE
583,1642,1970,140.61157713,13.380292240810528,1330.0,7.5141242937853105,0.0,0.0,0.0,1.4232565985845558,False,True,263,PV+/PNN-,140.61157713,13.380292240810528,0.0,0.0,0.0,False,NONE
584,1649,2166,247.06327959,17.736142129165177,4118.0,13.241157556270096,0.0,0.0,0.0,1.923171672269481,False,True,264,PV+/PNN-,247.06327959,17.736142129165177,0.0,0.0,0.0,False,NONE
585,1646,2251,220.84756182,16.76877601578504,4662.0,16.769784172661872,0.0,0.0,0.0,2.268242644209935,False,True,265,PV+/PNN-,220.84756182,16.76877601578504,0.0,0.0,0.0,False,NONE
586,1650,2152,211.31457354,16.40286778005525,4495.0,16.898496240601503,0.0,0.0,0.0,1.6511837216409946,False,True,266,PV+/PNN-,211.31457354,16.40286778005525,0.0,0.0,0.0,False,NONE
587,1652,2194,297.11146806,19.44978329772109,6562.0,17.545454545454547,0.0,0.0,0.0,2.2419057134175784,False,True,267,PV+/PNN-,297.11146806,19.44978329772109,0.0,0.0,0.0,False,NONE
588,1654,2104,172.38820473,14.815244827816286,2230.0,10.276497695852534,0.0,0.0,0.0,1.4371056340632191,False,True,268,PV+/PNN-,172.38820473,14.815244827816286,0.0,0.0,0.0,False,NONE
589,1656,1967,173.97703611,14.883361255142246,2312.0,10.557077625570777,0.0,0.0,0.0,1.509505789006495,False,True,269,PV+/PNN-,173.97703611,14.883361255142246,0.0,0.0,0.0,False,NONE
590,1660,2262,193.83742836,15.709916582774113,3828.0,15.688524590163935,0.0,0.0,0.0,2.336113206044069,False,True,271,PV+/PNN-,193.83742836,15.709916582774113,0.0,0.0,0.0,False,NONE
591,1665,1974,197.80950681,15.870062583211556,4145.0,16.646586345381525,0.0,0.0,0.0,1.441721685462476,False,True,272,PV+/PNN-,197.80950681,15.870062583211556,0.0,0.0,0.0,False,NONE
592,1665,2277,198.6039225,15.90189824726965,4499.0,17.996,0.0,0.0,0.0,2.678367863700646,False,True,273,PV+/PNN-,198.6039225,15.90189824726965,0.0,0.0,0.0,False,NONE
593,1670,2197,219.25873044,16.708347797572188,4893.0,17.72826086956522,0.0,0.0,0.0,1.6320752792642277,False,True,274,PV+/PNN-,219.25873044,16.708347797572188,0.0,0.0,0.0,False,NONE
594,1674,2327,257.39068356,18.103038329380148,5230.0,16.141975308641975,0.0,0.0,0.0,2.003052889519714,False,True,275,PV+/PNN-,257.39068356,18.103038329380148,0.0,0.0,0.0,False,NONE
595,1673,2292,224.02522458,16.888983834246268,4336.0,15.375886524822695,0.0,0.0,0.0,2.4474992753401974,False,True,276,PV+/PNN-,224.02522458,16.888983834246268,0.0,0.0,0.0,False,NONE
596,1677,1903,182.7156087,15.252564978953412,2075.0,9.021739130434783,0.0,0.0,0.0,1.4237396822853845,False,True,277,PV+/PNN-,182.7156087,15.252564978953412,0.0,0.0,0.0,False,NONE
597,1677,2224,262.1571777,18.269890136062756,6836.0,20.715151515151515,0.0,0.0,0.0,1.6327127685057976,False,True,278,PV+/PNN-,262.1571777,18.269890136062756,0.0,0.0,0.0,False,NONE
598,1678,2341,193.04301267,15.677691078926612,4598.0,18.921810699588477,0.0,0.0,0.0,2.3161804456014394,False,True,279,PV+/PNN-,193.04301267,15.677691078926612,0.0,0.0,0.0,False,NONE
599,1677,2263,175.56586749,14.951167352217068,3436.0,15.547511312217194,0.0,0.0,0.0,2.252948951366711,False,True,280,PV+/PNN-,175.56586749,14.951167352217068,0.0,0.0,0.0,False,NONE
600,1679,2358,219.25873044,16.708347797572188,4944.0,17.91304347826087,0.0,0.0,0.0,2.2236036029337987,False,True,281,PV+/PNN-,219.25873044,16.708347797572188,0.0,0.0,0.0,False,NONE
601,1687,2308,223.23080889,16.859012233282403,4255.0,15.142348754448399,0.0,0.0,0.0,1.9929621761602996,False,True,282,PV+/PNN-,223.23080889,16.859012233282403,0.0,0.0,0.0,False,NONE
602,1692,2232,201.78158526,16.028608603131524,3411.0,13.429133858267717,0.0,0.0,0.0,1.6001481923435938,False,True,283,PV+/PNN-,201.78158526,16.028608603131524,0.0,0.0,0.0,False,NONE
603,1692,1890,282.01756995,18.949298730308065,2464.0,6.940845070422535,0.0,0.0,0.0,1.705910783538282,False,True,284,PV+/PNN-,282.01756995,18.949298730308065,0.0,0.0,0.0,False,NONE
604,1694,2369,255.00743649,18.01903305786991,5477.0,17.062305295950157,0.0,0.0,0.0,2.1773688164265756,False,True,285,PV+/PNN-,255.00743649,18.01903305786991,0.0,0.0,0.0,False,NONE
605,1698,1868,378.93628413,21.965351394624115,2980.0,6.247379454926625,0.0,0.0,0.0,2.071277430476156,False,True,286,PV+/PNN-,378.93628413,21.965351394624115,0.0,0.0,0.0,False,NONE
606,1694,2246,211.31457354,16.40286778005525,2997.0,11.266917293233083,0.0,0.0,0.0,1.6347540328684471,False,True,287,PV+/PNN-,211.31457354,16.40286778005525,0.0,0.0,0.0,False,NONE
607,1697,2289,273.27899736,18.65340789733415,5211.0,15.148255813953488,0.0,0.0,0.0,1.9101901234244931,False,True,288,PV+/PNN-,273.27899736,18.65340789733415,0.0,0.0,0.0,False,NONE
608,1697,2324,210.52015785,16.372006289349773,4917.0,18.554716981132074,0.0,0.0,0.0,2.3382857058740303,False,True,289,PV+/PNN-,210.52015785,16.372006289349773,0.0,0.0,0.0,False,NONE
609,1703,2383,224.02522458,16.888983834246268,4008.0,14.212765957446809,0.0,0.0,0.0,2.3700117360937867,False,True,290,PV+/PNN-,224.02522458,16.888983834246268,0.0,0.0,0.0,False,NONE
610,1698,2421,222.4363932,16.828987254451757,4830.0,17.25,0.0,0.0,0.0,2.1048778416029053,False,True,291,PV+/PNN-,222.4363932,16.828987254451757,0.0,0.0,0.0,False,NONE
611,1701,1993,209.72574216,16.34108651427568,1900.0,7.196969696969697,0.0,0.0,0.0,1.2226426728237214,False,True,292,PV+/PNN-,209.72574216,16.34108651427568,0.0,0.0,0.0,False,NONE
612,1704,2399,277.25107581,18.788481405948126,4908.0,14.063037249283667,0.0,0.0,0.0,2.3658281067746705,False,True,294,PV+/PNN-,277.25107581,18.788481405948126,0.0,0.0,0.0,False,NONE
613,1705,2310,189.86534991,15.548121162390995,3084.0,12.903765690376568,0.0,0.0,0.0,1.8233517364144023,False,True,295,PV+/PNN-,189.86534991,15.548121162390995,0.0,0.0,0.0,False,NONE
614,1715,1883,286.78406409,19.10876268101238,2256.0,6.249307479224377,0.0,0.0,0.0,1.3766349750471134,False,True,296,PV+/PNN-,286.78406409,19.10876268101238,0.0,0.0,0.0,False,NONE
615,1713,2370,187.48210284,15.45023065413564,3194.0,13.533898305084746,0.0,0.0,0.0,1.9417664374740964,False,True,297,PV+/PNN-,187.48210284,15.45023065413564,0.0,0.0,0.0,False,NONE
616,1715,2413,240.70795407,17.50653837439656,4702.0,15.518151815181518,0.0,0.0,0.0,2.1068500239515573,False,True,298,PV+/PNN-,240.70795407,17.50653837439656,0.0,0.0,0.0,False,NONE
617,1719,1863,291.55055823,19.266906861975738,2208.0,6.016348773841962,0.0,0.0,0.0,1.8347082696602242,False,True,299,PV+/PNN-,291.55055823,19.266906861975738,0.0,0.0,0.0,False,NONE
618,1713,2060,132.66742023,12.996822909266468,1798.0,10.766467065868264,0.0,0.0,0.0,1.11220138666854,False,True,300,PV+/PNN-,132.66742023,12.996822909266468,0.0,0.0,0.0,False,NONE
619,1716,2427,177.15469887,15.0186673222671,3083.0,13.825112107623319,0.0,0.0,0.0,2.2257439364065075,False,True,301,PV+/PNN-,177.15469887,15.0186673222671,0.0,0.0,0.0,False,NONE
620,1716,2356,98.50754556,11.199272407696524,1411.0,11.379032258064516,0.0,0.0,0.0,2.303468865409139,False,True,302,PV+/PNN-,98.50754556,11.199272407696524,0.0,0.0,0.0,False,NONE
621,1723,2401,176.36028318,14.984955344126572,2798.0,12.603603603603604,0.0,0.0,0.0,2.133121258969046,False,True,303,PV+/PNN-,176.36028318,14.984955344126572,0.0,0.0,0.0,False,NONE
622,1728,2454,173.18262042,14.84934209921784,3444.0,15.79816513761468,0.0,0.0,0.0,2.3641417757157495,False,True,304,PV+/PNN-,173.18262042,14.84934209921784,0.0,0.0,0.0,False,NONE
623,1733,2392,193.83742836,15.709916582774113,3537.0,14.495901639344263,0.0,0.0,0.0,1.9356732096082565,False,True,305,PV+/PNN-,193.83742836,15.709916582774113,0.0,0.0,0.0,False,NONE
624,1733,1878,248.65211097,17.79308013158149,2587.0,8.26517571884984,0.0,0.0,0.0,1.6396094520743918,False,True,306,PV+/PNN-,248.65211097,17.79308013158149,0.0,0.0,0.0,False,NONE
625,1732,2222,205.75366371,16.185601660417575,2349.0,9.069498069498069,0.0,0.0,0.0,1.2619142808968402,False,True,307,PV+/PNN-,205.75366371,16.185601660417575,0.0,0.0,0.0,False,NONE
626,1729,2425,166.8272949,14.574330482319752,3219.0,15.32857142857143,0.0,0.0,0.0,2.7648819105800877,False,True,308,PV+/PNN-,166.8272949,14.574330482319752,0.0,0.0,0.0,False,NONE
627,1737,2467,243.09120114,17.592990941526043,4659.0,15.22549019607843,0.0,0.0,0.0,2.5024134137977376,False,True,309,PV+/PNN-,243.09120114,17.592990941526043,0.0,0.0,0.0,False,NONE
628,1739,2411,235.94145993,17.332339629300563,4222.0,14.215488215488216,0.0,0.0,0.0,2.1798933190942607,False,True,310,PV+/PNN-,235.94145993,17.332339629300563,0.0,0.0,0.0,False,NONE
629,1739,2369,178.74353025,15.085865274483455,3653.0,16.235555555555557,0.0,0.0,0.0,1.8133264946162884,False,True,311,PV+/PNN-,178.74353025,15.085865274483455,0.0,0.0,0.0,False,NONE
630,1744,1867,183.51002439,15.285686766012908,1256.0,5.437229437229437,0.0,0.0,0.0,1.7783893422890495,False,True,312,PV+/PNN-,183.51002439,15.285686766012908,0.0,0.0,0.0,False,NONE
631,1742,2427,184.30444008,15.318736938146312,3837.0,16.538793103448278,0.0,0.0,0.0,2.045212981686049,False,True,313,PV+/PNN-,184.30444008,15.318736938146312,0.0,0.0,0.0,False,NONE
632,1744,2453,174.7714518,14.917302830020427,2555.0,11.613636363636363,0.0,0.0,0.0,2.366771348088937,False,True,314,PV+/PNN-,174.7714518,14.917302830020427,0.0,0.0,0.0,False,NONE
633,1747,2441,184.30444008,15.318736938146312,2378.0,10.25,0.0,0.0,0.0,2.0801968879517316,False,True,315,PV+/PNN-,184.30444008,15.318736938146312,0.0,0.0,0.0,False,NONE
634,1752,2489,146.96690265,13.679330108642857,1974.0,10.67027027027027,0.0,0.0,0.0,2.2982026273296037,False,True,316,PV+/PNN-,146.96690265,13.679330108642857,0.0,0.0,0.0,False,NONE
635,1753,2527,178.74353025,15.085865274483455,3588.0,15.946666666666667,0.0,0.0,0.0,2.194860378334329,False,True,317,PV+/PNN-,178.74353025,15.085865274483455,0.0,0.0,0.0,False,NONE
636,1763,2506,215.28665199,16.556312354123577,2891.0,10.66789667896679,0.0,0.0,0.0,2.313009173617052,False,True,318,PV+/PNN-,215.28665199,16.556312354123577,0.0,0.0,0.0,False,NONE
637,1765,2491,110.42378091,11.857315232959936,1641.0,11.805755395683454,0.0,0.0,0.0,2.3940065927997924,False,True,319,PV+/PNN-,110.42378091,11.857315232959936,0.0,0.0,0.0,False,NONE
638,1772,2465,243.09120114,17.592990941526043,3742.0,12.22875816993464,0.0,0.0,0.0,1.736285214139319,False,True,320,PV+/PNN-,243.09120114,17.592990941526043,0.0,0.0,0.0,False,NONE
639,1770,2521,236.73587562,17.36149413204085,3700.0,12.416107382550335,0.0,0.0,0.0,2.351705955010071,False,True,321,PV+/PNN-,236.73587562,17.36149413204085,0.0,0.0,0.0,False,NONE
640,1773,2536,251.82977373,17.90641299799444,4449.0,14.034700315457414,0.0,0.0,0.0,2.230446865383499,False,True,322,PV+/PNN-,251.82977373,17.90641299799444,0.0,0.0,0.0,False,NONE
641,1771,2555,185.09885577,15.351715957885437,3210.0,13.776824034334764,0.0,0.0,0.0,2.055191883968502,False,True,323,PV+/PNN-,185.09885577,15.351715957885437,0.0,0.0,0.0,False,NONE
642,1775,2032,190.65976560000001,15.580614658987523,1617.0,6.7375,0.0,0.0,0.0,1.281173439075921,False,True,324,PV+/PNN-,190.65976560000001,15.580614658987523,0.0,0.0,0.0,False,NONE
643,1772,2479,124.72326333,12.60169000650996,1923.0,12.248407643312103,0.0,0.0,0.0,2.218949813586567,False,True,325,PV+/PNN-,124.72326333,12.60169000650996,0.0,0.0,0.0,False,NONE
644,1778,1916,284.40081702,19.029197744120825,3614.0,10.094972067039107,0.0,0.0,0.0,3.024852560579215,False,True,326,PV+/PNN-,284.40081702,19.029197744120825,0.0,0.0,0.0,False,NONE
645,1777,2569,121.54560057,12.440123196106569,2549.0,16.66013071895425,0.0,0.0,0.0,2.568722778615044,False,True,327,PV+/PNN-,121.54560057,12.440123196106569,0.0,0.0,0.0,False,NONE
646,1781,1860,184.30444008,15.318736938146312,1142.0,4.922413793103448,0.0,0.0,0.0,1.601186479083157,False,True,328,PV+/PNN-,184.30444008,15.318736938146312,0.0,0.0,0.0,False,NONE
647,1783,2489,200.98716957,15.99702510721652,2407.0,9.513833992094861,0.0,0.0,0.0,1.7335594536883312,False,True,329,PV+/PNN-,200.98716957,15.99702510721652,0.0,0.0,0.0,False,NONE
648,1786,2559,223.23080889,16.859012233282403,4815.0,17.135231316725978,0.0,0.0,0.0,2.7561533773989426,False,True,330,PV+/PNN-,223.23080889,16.859012233282403,0.0,0.0,0.0,False,NONE
649,1789,2583,228.79171872,17.067708217046253,3768.0,13.083333333333334,0.0,0.0,0.0,2.2859515930720113,False,True,331,PV+/PNN-,228.79171872,17.067708217046253,0.0,0.0,0.0,False,NONE
650,1790,2541,196.22067543,15.806198893222852,3270.0,13.238866396761134,0.0,0.0,0.0,2.264769406184969,False,True,332,PV+/PNN-,196.22067543,15.806198893222852,0.0,0.0,0.0,False,NONE
651,1797,1875,169.21054197,14.678063680958497,1191.0,5.591549295774648,0.0,0.0,0.0,1.4450412650934243,False,True,333,PV+/PNN-,169.21054197,14.678063680958497,0.0,0.0,0.0,False,NONE
652,1799,1837,119.95676919,12.358547737957586,875.0,5.7947019867549665,0.0,0.0,0.0,1.4574548417766215,False,True,334,PV+/PNN-,119.95676919,12.358547737957586,0.0,0.0,0.0,False,NONE
653,1805,1849,157.29430662000001,14.151796046802042,972.0,4.909090909090909,0.0,0.0,0.0,1.7121727178421167,False,True,336,PV+/PNN-,157.29430662000001,14.151796046802042,0.0,0.0,0.0,False,NONE
654,1806,2586,176.36028318,14.984955344126572,2322.0,10.45945945945946,0.0,0.0,0.0,2.02906656340958,False,True,337,PV+/PNN-,176.36028318,14.984955344126572,0.0,0.0,0.0,False,NONE
655,1807,1864,154.11664386,14.008119269352957,949.0,4.891752577319588,0.0,0.0,0.0,1.9148209440582082,False,True,338,PV+/PNN-,154.11664386,14.008119269352957,0.0,0.0,0.0,False,NONE
656,1808,2572,144.58365558,13.56796328882212,2709.0,14.884615384615385,0.0,0.0,0.0,2.282914282246958,False,True,339,PV+/PNN-,144.58365558,13.56796328882212,0.0,0.0,0.0,False,NONE
657,1809,2629,261.36276201,18.242187481558705,4537.0,13.790273556231003,0.0,0.0,0.0,1.9972808585350323,False,True,340,PV+/PNN-,261.36276201,18.242187481558705,0.0,0.0,0.0,False,NONE
658,1810,2422,144.58365558,13.56796328882212,2008.0,11.032967032967033,0.0,0.0,0.0,1.625997550390771,False,True,341,PV+/PNN-,144.58365558,13.56796328882212,0.0,0.0,0.0,False,NONE
659,1810,1796,69.11416503,9.380772250595795,389.0,4.471264367816092,0.0,0.0,0.0,1.2020111383593446,False,True,342,PV+/PNN-,69.11416503,9.380772250595795,0.0,0.0,0.0,False,NONE
660,1813,2607,166.03287921,14.539588286344586,2612.0,12.497607655502392,0.0,0.0,0.0,1.982017909197286,False,True,343,PV+/PNN-,166.03287921,14.539588286344586,0.0,0.0,0.0,False,NONE
661,1816,1838,178.74353025,15.085865274483455,1112.0,4.942222222222222,0.0,0.0,0.0,1.5039371998194768,False,True,344,PV+/PNN-,178.74353025,15.085865274483455,0.0,0.0,0.0,False,NONE
662,1818,2564,133.46183592,13.035677474005707,2853.0,16.982142857142858,0.0,0.0,0.0,2.547481921643347,False,True,345,PV+/PNN-,133.46183592,13.035677474005707,0.0,0.0,0.0,False,NONE
663,1822,2439,146.96690265,13.679330108642857,2027.0,10.956756756756757,0.0,0.0,0.0,1.7481188853990228,False,True,346,PV+/PNN-,146.96690265,13.679330108642857,0.0,0.0,0.0,False,NONE
664,1821,2580,148.55573403,13.753073662427433,2490.0,13.315508021390375,0.0,0.0,0.0,1.9564508534068517,False,True,347,PV+/PNN-,148.55573403,13.753073662427433,0.0,0.0,0.0,False,NONE
665,1822,2641,171.59378904,14.781068900342463,3031.0,14.032407407407407,0.0,0.0,0.0,2.1316760548640534,False,True,348,PV+/PNN-,171.59378904,14.781068900342463,0.0,0.0,0.0,False,NONE
666,1823,2593,136.63949868,13.189951216443678,1953.0,11.354651162790697,0.0,0.0,0.0,2.0417709157743986,False,True,349,PV+/PNN-,136.63949868,13.189951216443678,0.0,0.0,0.0,False,NONE
667,1824,2625,145.37807127,13.6051868520168,3101.0,16.94535519125683,0.0,0.0,0.0,2.244852120594374,False,True,350,PV+/PNN-,145.37807127,13.6051868520168,0.0,0.0,0.0,False,NONE
668,1828,1824,166.03287921,14.539588286344586,1180.0,5.645933014354067,0.0,0.0,0.0,1.450293436194849,False,True,351,PV+/PNN-,166.03287921,14.539588286344586,0.0,0.0,0.0,False,NONE
669,1827,2609,135.05066730000001,13.113041224263421,3429.0,20.17058823529412,0.0,0.0,0.0,2.5744355854300736,False,True,352,PV+/PNN-,135.05066730000001,13.113041224263421,0.0,0.0,0.0,False,NONE
670,1833,2662,115.19027505,12.11052490037406,2044.0,14.096551724137932,0.0,0.0,0.0,2.099034375940945,False,True,353,PV+/PNN-,115.19027505,12.11052490037406,0.0,0.0,0.0,False,NONE
671,1831,1740,57.19792968,8.533854108523126,438.0,6.083333333333333,0.0,0.0,0.0,1.062225017169545,False,True,354,PV+/PNN-,57.19792968,8.533854108523126,0.0,0.0,0.0,False,NONE
672,1834,2649,154.11664386,14.008119269352957,2480.0,12.783505154639176,0.0,0.0,0.0,2.352494302700084,False,True,355,PV+/PNN-,154.11664386,14.008119269352957,0.0,0.0,0.0,False,NONE
673,1833,2595,135.05066730000001,13.113041224263421,2266.0,13.329411764705883,0.0,0.0,0.0,1.8784932980705888,False,True,356,PV+/PNN-,135.05066730000001,13.113041224263421,0.0,0.0,0.0,False,NONE
674,1838,2375,171.59378904,14.781068900342463,3466.0,16.046296296296298,0.0,0.0,0.0,1.948135133529996,False,True,357,PV+/PNN-,171.59378904,14.781068900342463,0.0,0.0,0.0,False,NONE
675,1844,2600,208.93132647000002,16.310108123356397,4316.0,16.4106463878327,0.0,0.0,0.0,1.7566648223727281,False,True,358,PV+/PNN-,208.93132647000002,16.310108123356397,0.0,0.0,0.0,False,NONE
676,1846,1856,257.39068356,18.103038329380148,1832.0,5.654320987654321,0.0,0.0,0.0,1.7862722737708272,False,True,359,PV+/PNN-,257.39068356,18.103038329380148,0.0,0.0,0.0,False,NONE
677,1843,2685,179.53794594000001,15.119352253034252,3107.0,13.747787610619469,0.0,0.0,0.0,2.308080481591156,False,True,360,PV+/PNN-,179.53794594000001,15.119352253034252,0.0,0.0,0.0,False,NONE
678,1846,1887,201.78158526,16.028608603131524,1283.0,5.051181102362205,0.0,0.0,0.0,1.7488562808793657,False,True,361,PV+/PNN-,201.78158526,16.028608603131524,0.0,0.0,0.0,False,NONE
679,1849,1839,219.25873044,16.708347797572188,1583.0,5.7355072463768115,0.0,0.0,0.0,1.8051227620968173,False,True,362,PV+/PNN-,219.25873044,16.708347797572188,0.0,0.0,0.0,False,NONE
680,1848,2613,129.48975747,12.84022896403991,2421.0,14.85276073619632,0.0,0.0,0.0,1.75424726010682,False,True,363,PV+/PNN-,129.48975747,12.84022896403991,0.0,0.0,0.0,False,NONE
681,1857,2371,302.67237789,19.63095618222843,5114.0,13.42257217847769,0.0,0.0,0.0,1.8869131013657432,False,True,364,PV+/PNN-,302.67237789,19.63095618222843,0.0,0.0,0.0,False,NONE
682,1851,2548,123.92884764,12.56149312576761,2158.0,13.833333333333334,0.0,0.0,0.0,1.7309098395949576,False,True,365,PV+/PNN-,123.92884764,12.56149312576761,0.0,0.0,0.0,False,NONE
683,1854,2690,169.21054197,14.678063680958497,2779.0,13.046948356807512,0.0,0.0,0.0,2.0048848383851974,False,True,366,PV+/PNN-,169.21054197,14.678063680958497,0.0,0.0,0.0,False,NONE
684,1858,2497,181.92119301,15.21937110940298,3512.0,15.336244541484715,0.0,0.0,0.0,1.785742155234498,False,True,367,PV+/PNN-,181.92119301,15.21937110940298,0.0,0.0,0.0,False,NONE
685,1862,2741,137.43391437,13.228238528376714,2330.0,13.468208092485549,0.0,0.0,0.0,2.0083157715205537,False,True,368,PV+/PNN-,137.43391437,13.228238528376714,0.0,0.0,0.0,False,NONE
686,1863,1878,174.7714518,14.917302830020427,1201.0,5.459090909090909,0.0,0.0,0.0,1.759470306732783,False,True,369,PV+/PNN-,174.7714518,14.917302830020427,0.0,0.0,0.0,False,NONE
687,1865,2720,159.67755369,14.258603569939103,3211.0,15.975124378109452,0.0,0.0,0.0,1.9739331053146396,False,True,370,PV+/PNN-,159.67755369,14.258603569939103,0.0,0.0,0.0,False,NONE
688,1867,2656,135.05066730000001,13.113041224263421,2700.0,15.882352941176471,0.0,0.0,0.0,2.0804818247448456,False,True,371,PV+/PNN-,135.05066730000001,13.113041224263421,0.0,0.0,0.0,False,NONE
689,1873,2743,179.53794594000001,15.119352253034252,2575.0,11.393805309734514,0.0,0.0,0.0,1.946191142167528,False,True,373,PV+/PNN-,179.53794594000001,15.119352253034252,0.0,0.0,0.0,False,NONE
690,1872,1961,142.20040851,13.455674765407588,1281.0,7.156424581005586,0.0,0.0,0.0,1.409098223665613,False,True,374,PV+/PNN-,142.20040851,13.455674765407588,0.0,0.0,0.0,False,NONE
691,1874,2728,97.71312987,11.154022637162193,1727.0,14.040650406504065,0.0,0.0,0.0,2.0582526365543083,False,True,375,PV+/PNN-,97.71312987,11.154022637162193,0.0,0.0,0.0,False,NONE
692,1876,2712,189.07093422,15.515559616363333,3335.0,14.012605042016807,0.0,0.0,0.0,1.9975878319798261,False,True,376,PV+/PNN-,189.07093422,15.515559616363333,0.0,0.0,0.0,False,NONE
693,1883,2762,195.42625974,15.774170088491289,3150.0,12.804878048780488,0.0,0.0,0.0,2.1305833395651566,False,True,378,PV+/PNN-,195.42625974,15.774170088491289,0.0,0.0,0.0,False,NONE
694,1881,2860,62.75883951,8.93907356753593,1082.0,13.69620253164557,0.0,0.0,0.0,1.3355881176873186,False,True,379,PV+/PNN-,62.75883951,8.93907356753593,0.0,0.0,0.0,False,NONE
695,1884,2007,182.7156087,15.252564978953412,1674.0,7.278260869565218,0.0,0.0,0.0,1.1482209449127123,False,True,380,PV+/PNN-,182.7156087,15.252564978953412,0.0,0.0,0.0,False,NONE
696,1884,2734,156.49989093,14.116013951495509,2945.0,14.949238578680204,0.0,0.0,0.0,2.269131838190175,False,True,381,PV+/PNN-,156.49989093,14.116013951495509,0.0,0.0,0.0,False,NONE
697,1885,2430,139.02274575,13.304482609502793,2106.0,12.034285714285714,0.0,0.0,0.0,1.626820840289703,False,True,382,PV+/PNN-,139.02274575,13.304482609502793,0.0,0.0,0.0,False,NONE
698,1891,2644,188.27651853,15.482929591568213,2782.0,11.738396624472573,0.0,0.0,0.0,1.8123957099977817,False,True,383,PV+/PNN-,188.27651853,15.482929591568213,0.0,0.0,0.0,False,NONE
699,1894,2500,147.76131834,13.716251444643651,3030.0,16.29032258064516,0.0,0.0,0.0,5.692798828027541,False,True,384,PV+/PNN-,147.76131834,13.716251444643651,0.0,0.0,0.0,False,NONE
700,1895,2725,162.06080076,14.36461695204847,2984.0,14.627450980392156,0.0,0.0,0.0,1.903588842293754,False,True,385,PV+/PNN-,162.06080076,14.36461695204847,0.0,0.0,0.0,False,NONE
701,1898,2707,151.73339679,13.899387074616612,2689.0,14.078534031413612,0.0,0.0,0.0,1.9007687581517052,False,True,386,PV+/PNN-,151.73339679,13.899387074616612,0.0,0.0,0.0,False,NONE
702,1909,2698,133.46183592,13.035677474005707,2988.0,17.785714285714285,0.0,0.0,0.0,2.049505878608761,False,True,387,PV+/PNN-,133.46183592,13.035677474005707,0.0,0.0,0.0,False,NONE
703,1909,2717,160.47196938,14.294028726574819,2340.0,11.584158415841584,0.0,0.0,0.0,1.7941708150179152,False,True,388,PV+/PNN-,160.47196938,14.294028726574819,0.0,0.0,0.0,False,NONE
704,1908,2829,139.02274575,13.304482609502793,2005.0,11.457142857142857,0.0,0.0,0.0,1.9264983635009643,False,True,389,PV+/PNN-,139.02274575,13.304482609502793,0.0,0.0,0.0,False,NONE
705,1919,1864,162.85521645,14.3997813056499,1118.0,5.453658536585366,0.0,0.0,0.0,1.615639492515996,False,True,390,PV+/PNN-,162.85521645,14.3997813056499,0.0,0.0,0.0,False,NONE
706,1919,2176,161.26638507,14.329366305165495,1325.0,6.527093596059113,0.0,0.0,0.0,1.4670174319763087,False,True,391,PV+/PNN-,161.26638507,14.329366305165495,0.0,0.0,0.0,False,NONE
707,1919,2729,142.9948242,13.493208101259413,1550.0,8.61111111111111,0.0,0.0,0.0,1.9388858272580434,False,True,392,PV+/PNN-,142.9948242,13.493208101259413,0.0,0.0,0.0,False,NONE
708,1921,1776,135.84508299,13.151552441468574,1337.0,7.818713450292398,0.0,0.0,0.0,1.093487063861753,False,True,393,PV+/PNN-,135.84508299,13.151552441468574,0.0,0.0,0.0,False,NONE
709,1931,1946,204.95924802,16.154325106244645,1336.0,5.178294573643411,0.0,0.0,0.0,1.7108527851288888,False,True,395,PV+/PNN-,204.95924802,16.154325106244645,0.0,0.0,0.0,False,NONE
710,1934,2585,177.94911456,15.052303797372671,3454.0,15.419642857142858,0.0,0.0,0.0,1.9788973351934094,False,True,396,PV+/PNN-,177.94911456,15.052303797372671,0.0,0.0,0.0,False,NONE
711,1931,2733,171.59378904,14.781068900342463,2277.0,10.541666666666666,0.0,0.0,0.0,1.951025541739981,False,True,397,PV+/PNN-,171.59378904,14.781068900342463,0.0,0.0,0.0,False,NONE
712,1934,2823,132.66742023,12.996822909266468,1563.0,9.359281437125748,0.0,0.0,0.0,2.2038410670289226,False,True,398,PV+/PNN-,132.66742023,12.996822909266468,0.0,0.0,0.0,False,NONE
713,1937,2200,157.29430662000001,14.151796046802042,1299.0,6.5606060606060606,0.0,0.0,0.0,1.4741081870924302,False,True,399,PV+/PNN-,157.29430662000001,14.151796046802042,0.0,0.0,0.0,False,NONE
714,1936,2478,144.58365558,13.56796328882212,2250.0,12.362637362637363,0.0,0.0,0.0,1.5796874935758438,False,True,400,PV+/PNN-,144.58365558,13.56796328882212,0.0,0.0,0.0,False,NONE
715,1937,2572,180.33236163,15.152765226941183,3148.0,13.86784140969163,0.0,0.0,0.0,2.0352548382556277,False,True,401,PV+/PNN-,180.33236163,15.152765226941183,0.0,0.0,0.0,False,NONE
716,1938,2154,150.14456541,13.82642390884524,1102.0,5.830687830687831,0.0,0.0,0.0,1.3378460857645584,False,True,402,PV+/PNN-,150.14456541,13.82642390884524,0.0,0.0,0.0,False,NONE
717,1939,2755,141.40599282,13.418036440588484,1706.0,9.584269662921349,0.0,0.0,0.0,1.788805440516657,False,True,403,PV+/PNN-,141.40599282,13.418036440588484,0.0,0.0,0.0,False,NONE
718,1938,2842,139.81716144,13.342441267550265,1867.0,10.607954545454545,0.0,0.0,0.0,2.2082061813329785,False,True,404,PV+/PNN-,139.81716144,13.342441267550265,0.0,0.0,0.0,False,NONE
719,1939,2599,121.54560057,12.440123196106569,2549.0,16.66013071895425,0.0,0.0,0.0,1.868903943773932,False,True,405,PV+/PNN-,121.54560057,12.440123196106569,0.0,0.0,0.0,False,NONE
720,1939,2704,140.61157713,13.380292240810528,2113.0,11.937853107344633,0.0,0.0,0.0,2.0511120497569246,False,True,406,PV+/PNN-,140.61157713,13.380292240810528,0.0,0.0,0.0,False,NONE
721,1939,2322,110.42378091,11.857315232959936,1089.0,7.83453237410072,0.0,0.0,0.0,1.6663723188156154,False,True,407,PV+/PNN-,110.42378091,11.857315232959936,0.0,0.0,0.0,False,NONE
722,1940,2335,96.91871418,11.108588547554572,830.0,6.80327868852459,0.0,0.0,0.0,1.5582617113700308,False,True,408,PV+/PNN-,96.91871418,11.108588547554572,0.0,0.0,0.0,False,NONE
723,1940,2812,120.75118488,12.39940255265723,1395.0,9.177631578947368,0.0,0.0,0.0,2.0598722298581063,False,True,409,PV+/PNN-,120.75118488,12.39940255265723,0.0,0.0,0.0,False,NONE
